MJO7C 15,107
MCQO5 148,106,0,107,2,110
MGCM8 11,14,59
I8QJN 124,106,154,107,146
XC9EY 88,109,9,118,119,107
DOQ9Y 1,6,61,97,155,81,141,20,0,23,63
RK9II 12,154
CUCBN 154,123,9,97
ZSHWE 34,26,155,35,33,1,0,2
0R6K4 106,107,9,118
MD41D 15,92,87,97
P68QV 20,152,16,15,23,156,62,61,97
DWHPO 62,63,59,11,9,20,18,17,156,15
CBXVQ 61,63,113,139,114
PN4MI 145,65,149,10,14,115,118,61,152,32,156
AY08E 94,96,152,0
7XNAI 152,151,123,9,62,14,52,11
OI3BC 97,33,112,1,34,6,3,82
2PREF 147,113,9,119,112,62,63,61,130,118
57J92 65,98,152,127,67,102,156,132
0TQZQ 25,26,32,97
EDVAM 76,89,154,123
MZOPX 151,52,111,121,59,11,14,51
UKCTK 15,6,98,97
Q24KP 9,35,37,33,135,1,34,151
AX4EW 15,156,153,87,61,11
JZ9L4 59,33,148,154
XCUOD 61,10,148,9,156,20,63,1,59,11,62
VJ3B5 40,45,126,149,43
WFWTU 61,6,150,156,97
3H0PT 8,61,156,154,59,141,51,97
WYHPH 15,154,125
PK2F0 6,8,113,0,1,134,97,81,112
PXKFK 23,20,21,97
OOOQT 62,63,82,143
YPZQ2 20,23,97
MIV2M 6,20,123,151,97,8,24,59,108,22
HXSMP 96,6,152,97,94
VG9II 106,59,151,154,118,120
LZ07A 20,148,59,154,1,23,0
WLOCV 97,15,87,96
FLCZA 106,107,119,134,135
2H5YP 96,144,127
I6B5D 0,115,33
YMGGV 72,132,151,154,152,73,123,70
J39ZC 61,156,20
C5BMA 65,67,68,156,97,64,61
2INEX 125,9,107,1,3,151,2,119,97,118,154
HQZ29 118,9,119
H3E1E 32,106,27,118,28,26,30
CXSYS 20,59,147,22,154
7P0HA 76,139,9,78,128,79
YYMLT 51,149,152
V1PRP 137,151,154,59,127
29LL7 53,149,152,0,97,2
CYLQ0 61,63,112,113,97
AEZDA 20,137,156,61,24,9,22
2BUDH 108,151,119,59,118,107,110,11,106,9
G7LU9 141,6,8,97
A4SR3 61,62,156,149,59,152,118
EASCD 106,107,123,9,12,119,120,109,11,108,118,154,110,59
O1LOW 8,28,127,9,26,116,117,115,30
GXIWH 106,107,110,152,108,9
H40VV 118,8,6,120
7W1ZI 39,125,154,42
U6KQ7 63,8,156,97,6,154,59,11,62
T03KF 3,61,113,126,156,96,2
FCBEQ 61,62,63,51,108
M1B7N 113,147,120,110,106,141,8,119
48CYX 26,30,155,96,1,38,0
5IOQB 51,106,149,59,47,52,152,107
A5YR8 112,113,118,8,6
YORQM 92,97,90
40TYU 45,59,62,11,118
TMA9G 143,62,142,61,63,6,8,97
NVGDG 70,72,82,122,71,75,146,154,123,73
HS3XP 105,154,96
LOSLI 9,1,2,127,153
KU3WI 96,6,8,107,141,97
K71S1 41,42,154,1,0,125,151,2,71,73,4
X8I9J 149,1,3,155,152,6
A4K1X 30,2,28,117,115,0,97,70,73
VSO80 142,59,63,118,61,156,151,143
HXCGX 40,135,156,61,43,39
AXFJP 1,0,2,97,4
V1SQH 107,110,106,109,81
48WOM 113,149,128,152,97,43,40,41,44
XUYCA 156,154,61,62,9,59,118,119,82
6HR54 59,107,11,106,12,13,38,152,118,14
AZZ3W 55,59,148,151,4,2,3,0
YL612 126,1,3,2
0F1VF 81,26,115,117,151,154,28
IIFVE 33,0,3,70
HWL2J 97,16,153,15
HYEY7 137,110,106,127,107,9,109
1PCR7 26,32,59,29,135
GX7SS 33
03AA8 120,123,97,106,118,63,119,154
5O0YS 76,150,97
KJWAH 67,156,61,64,62
UNGPY 106,107,97,6,119,110,141
IXVGR 59,17,15,11,16
Q4932 135,65,156,151,149,74,67,152,61,118
5IDF4 31,141,126,150,116,8,30,97
U2SJH 52,124,156,151,154,9,11,14,47,50,21,62,49,123,63
8ML3S 20,21,23,150,152,1,0,81
564DX 128,142,106,107,143,8,109,153,110,6
Z4P5B 141,40,8,156,62,61
Q366H 26,125,115,145,59
AKKWU 113,20,112,33,81
DPCGS 48,65,152,156,67,97,61
Q3FZ6 0,1,4,151,154,23,2
8DE6J 113,44,154,112,153
NXM13 59,80,76
SAIDX 74,8,9,3,97
G57R6 93,96,33,154,73,75,70
0O36O 39,9,152
D0YWV 15,6,8,97,141
56XCX 55,59,151
UAIHK 48,154,135,146,151,134,133,148,2,72,75
YJ06D 8,104,154,114
RXF2Q 11,48,1,141,151,97,144
C5044 9,106,132,65
8TNSB 8,150,141,97
MLBTH 11,48,51,156,21,61,62,123,63
D4XVH 26,156,63,61
4D5XD 97,55,2,1,0
VML1Z 113,8
E7TLO 87,15,59,151
7GF4E 20,9
MFQ5S 113,38,114,152,112
8K46I 134,154
COBEK 112,113,149,152,33,38
BN4VH 70,120,97,118
04MTP 61,11,156,20,62,63,59
RO116 107,113,112,8,61
1Y09V 106,107,109,118,62,119
01ZWG 48,11,151,59,152,9,51,14
WJ1GN 41,20,9,59,11,39
33I4D 106,107,11,151,59,108,118,9
SQBEE 72,61,156
UFWD5 112,6,154,8,151,97,113,125,141,114
K3193 123,33,153,151,154,59,97,35
154TJ 117,26,28
IO712 89,9,11,26,27,30,117,125,32
FNM0L 59,34,35,33,93,95,151,11,9,38,14,36
ETAFB 33,142,143,61,112,63,113
FTGSV 9,97
E780X 126,107,106,54,119,110,118
39TDM 76,51,59,153,9,11
N8N6U 129,151,97,154,106,135
HHEIV 106,107,123,152,132
9QI0W 72,16,15,70
YYJ8I 40,8,141,97
8BNBV 97,152
6BXG4 107,59,106,108,154
FL4NG 15,155,1,3
4T97L 106,107,150,140,104,38,97,33
CBG3N 123,156,30,26,63,62,61
ISHJ4 141,6,8,73,97,70
1EJKT 141,148,155,153,1,0,3
7JZTY 63,21,156,106,61,11,149,152
XQC9F 21,3,1,4
P6P6L 152,88,59,11
FRX6I 33,153,152,34,38
VICUM 0,6,142,8,143,2,141
8M0ZV 8,118,106,61,97
VNQES 40,154,42,11,149,97,59
6PL9Z 73,26,30,123,154,70
0M7YH 143,106,61
MQ9PZ 112,114,125,6,8,27,25,32,81,28,82,127
64HO1 61,149,6,152,8,118,97
GOCDE 123,107,9,108,106,110,109,154
OS7VW 94,113,152,154,114,96
ICL1M 25,26,32,154,135,106,109
LHMMJ 59,114,154,97,63
PWR6D 52,11,153,152,59
AXZVQ 60,82,113,154,63,114
W8TE5 16,123,87,152,15
JSY2I 6,8,20,21,153,141,97
NMTRI 134,106,156,133,107,146,63,118,129,72,9
BU2R4 106,107,109,9
GFALT 106,152
GY9MZ 106,149,152,56,57,107,127,58
4O9A6 106,107,103,151,60,11,59
R025M 42,113,9,40,112
W74ZY 151,0,2,123,148,154
5OIQ7 146,154,9,15,152,134,106,129,107
1O4ZZ 12,98,9
D7D89 106,107,110,88,154,86
WEAT2 107,51,153,126,47
5C837 26,152,11,30,29,32,27
8EYST 32,27,26,125
FIY0S 28,31,114,9,116,115
2KAWJ 97,106,150,154,11,9,151,59
EYV38 55,134,72,146,135,151,133,1,154
JNFCE 140,33,35,38,36
5NJRH 85,33,88
LH6LE 118,33,112,119,113,81,156,120
CKUYC 59,70,151,9,73,71,72
PNC99 106,109,42,40,125,110,6,8,107
GNNAE 106,9,11,107,152,14
C7P86 107,30,106,27,32,155,2,26
4ZRHH 20,22,61,62
Y5CF6 70,152,33
HOI6L 97,16,154,8,15,135
NVBBD 8,141,55,151,59,54
9I42K 65,15,16,156,61
SAFT3 51,52,59,14,88
X8A6H 81,116,124,146,115,154,117,125
CK5SW 76,8,153,79
6U8AV 33,149,152,125
3O474 155,113,152
GK15U 123,156,18,16,15
901GH 90,33,153,113
W28C2 40,43,61,149,147,63,8,118,113,152
2NKX2 151,153,128,59
D6D85 65,156,123,66,67,61,145,69,68
6VT4U 71,15,17,57,126,81,16
2L7MW 25,26,27,32
BOHLW 104,82,114,107,102
A84J7 26,105,97,115,8
Z7QTA 141,40,42,43,9,114,22
14A2O 65,156,61,88,84,116,152,126
2CR02 59,153,132
WZVHJ 65,106,156,67,107,61
2FW38 59,52,6,151,98,154,11,8
IYVVM 15,16,18,154,0
CPDH9 81,107,109,63
TLCLG 96,15,19,150,8,97
L76ND 59,156,62,151,61,132
E5TW6 15,76,61,135,19,156,106,134,109,110,62,107,20
1Q6M7 112,113,149,63,61
9RA4P 6,8,97,77,75,113,71
229ZR 59,152
47Y1X 61,156,152
W4C5O 33,106,152,118,154
DV31C 9,110
A6UKL 15,151,81,16,17,123,154,115,116
NIEUC 16,11,15,59
8L9LQ 9,106,59
J3ZQS 115,123,154,106,110,116,145,23,117,21,9,11
CVX9F 87,147,15,16
91SQ4 0,41,150,44,6,2,8
Q81A4 98,33,36,100,35
S37QK 0,127,67,68,152,2,97
9PSZA 128,53,11,58,126
UJ69X 116,9,154,115
EWY6I 106,11,130,20,118,59
24XDE 81,28,152,148,26,109
G4O9P 57,58,27,32,150,26,30,155
QDPR8 59,64,156,63,61,11,127,151,118
DOB0W 65,67,15,156,118,97,61,63,62
5J7FQ 96,38,33,97,126
1J3I0 46,26,122,123,49,30
I9TIU 136,8,153,6,141,126,97
KP8VI 130,154,10,61,63
HITEM 145,33,117
DSG0F 106,97,107,110,119,120,109
77JB7 53,152,154,112,113
5B4HF 81,106,97,107,20,23,118
MBSW4 40,41,44,0,152,3,2
XE4IA 25,32,59,145,11,152,14
08AQS 40,42,61,62,156,45
5TUZW 38,51,14,11,110,59,33,113
4MKH4 118,154,127,120
PB66Q 40,26,153
P4BC1 16,20,152
X529R 32,88,26,11,145,115,82
E24EQ 65,51,59,156,67,52,61,11
SP6M4 21,63,59,25,11,61,156,65,69,116,14
O495M 12,26,30,28
HFW6H 97,155,3,107,126,9,0,109
4ZSAR 59,107,151,116,127,115
GHJPQ 15,59,154,87
P8OVC 106,118,154,125
GAC1W 98,97,152,8,141,6
KWQKH 137,106,113,138,107,6,118,8,141,105
9B9OE 15,16,0,1,5
RZIAJ 16,6,154,135,141,15
VEX8Z 92,63,20,61,21
K4X20 106,20,22,97
QYMWC 32,153,26
GLLNH 87,18,154,15,16,59,11
R6TI2 125,140,141,154,8
IJ587 106,156,154,107,118,65,61
KFD4I 106,9,20,12,21,109
QRHJJ 93,96,30,26,32
GR130 118,153,63,61,117,116,115
ZDX0Y 41,26,28,44,2,0,32
RZDEA 107,109,15,18,152,153,118,16
43FG9 113,0,1,3,8,112,6,36,33
9335E 66,154,147,59,113,119,118,62
KP88I 61,156,9,65,69,59,63,68,67
IDDTF 76,70,156,8,79,97
55DDW 152,11,59,32,146
HP94W 81,76,78,152,70
LNR61 36,33
V4Q75 61,118,106,107,156,59,11
U6P8F 98,106,61,9
C9HLB 46,47,52,145,59
VGU6Y 20,15,18,26,30,16
MI0ZQ 155,34,57,2,97,9,1
RBAO4 22,6,151,20,61,122,8,156,134,97
IL0JH 51,8,11,97,154,52
OQ4SO 76,33,70
HHZUI 26,27,147,113,32,30,112,119
GIZCL 137,40,44,127,138
3WAWR 153,129,106,154,113,11,109,107,9
NIH53 53,18,9,15
OVMCM 59,35,146,154,97,33
LSAMR 154,125,76,97,127
5FCAU 107,98
2X2C5 26,151,154,59,28
GXZHG 145,122,150,154,32,11,59
AWITI 104,77,79,76,81,97,6
B3SF6 113,0,2,8,1,154,134,132
86810 72,156,153,154,61
DR13T 26,76
N1RJW 126,6,74,141,3,8,70,0,97
D5SB7 96,59,93
QB8O7 154,51,152,52
PDTXL 26,28,154
DSHVL 61,97,153
KZN8C 156,62,61,108,110,107,81,109
028CE 136,149,151,154,127
Z2MBK 67,106,107,61
IUVT3 8
NZG0R 142,6,98,152,97
29CB7 93,26,152,115,149,94,96
JYC6G 148,0
L4VNK 26,15,18,30
57N4Z 105,106,96,144,97
MVTAL 33,35,34
A8LZE 6,8,16,15,152
5FJRT 70,59
0PA3N 151,154,135,58,126
BCONW 107,109,143,108,142,106,110,118
O8S0J 106,9,156,109,11,118,59,120,61
DB3Y6 61,63,107,62,106,9
NU0UK 11,9,66,106,63,107,120
99SGB 40,42,43,112,113,110,9,62
YJV3E 70,73,106,9,4,0
QZIRQ 47,52,51,59
4ZJSI 8,0,2,33,47,97
8BSG7 52,8,151,59,51,6,154
C8KER 6,81,113,110,141,8,112,106
3SKPS 52,9,11
OHVMG 61,156,149,118,62,20,152,63
GBOZR 125,4,0
BOOKV 122,151,106,3,123,0,2
DC3PF 153,61
5R83A 98,100,33,34,97
ECG4S 42,97,9,43,35,33,0,2
CG45V 20,22,0,1
4RVZB 59,154,17,15,11,18
E4C1C 52,61,156,9,65,67,68
Y1HOV 67,68,11,154,61
0W39H 108,110,151,11,125,9,52,14,109,51,107,97
D9FR4 131,132,151,134,135,144,15
PC0M6 83,9,42,6,8
BQ07S 16,108,151,15,154
107YZ 134,0,78,146,70,2,133,15
41FNM 148,1,113,0
DHVLP 76,40,97
I77FD 119,13,9,118,14,12,120,38
CLVGY 153,5,152
WLKEF 131,154,61,118,149,132
F99PM 59,154,113,112,152,125
2P273 141,61,6,97,20,152
GBDJX 63,112,113,156,44,41,8,43,61,40,6
CG7FL 101,53,98,102,56,58,127,126
N9VOV 107,108,109,110,9
8JTF4 67,152,61
AERV9 59,51,106,107,151,154,125
EJFBM 106,132,107,151,123,154,118
WQWT0 9,8,120,63,154,65,11,118,61,156,12,119,62,151,59,68,14
YGYU5 107,154,135,106,151,4
OSVF7 106,97,118
23Y3I 33,34,36,8,97
H6BT7 53,40,41,124,39,151,97,42,44,43,126
APJQ8 71,1,5,0
DCNQI 156,97
LTBKU 149,152,16,15,59,154
Q9IYO 26,72,70,32,27
L0NFK 80,59,149,126,152
AYKC6 154,146,11,59
EN9TD 106,107,39
AZTTC 26,6,81,97,28
NJM82 7,102,151,59,127
L9H3O 65,107,109,154,106,108,9,156,59,110
XTZYM 106,20,107,148,0,1
KBJL0 151
3GFIC 46,47,49,52,154,123,92,51
KMAQ2 88,36,33,110,83
F8SNW 70,71,59,151,154
5NG8W 51,152,149,15,16
J10KY 126,155
OY50Q 8,26,30,97,141,6,28
T2EIY 9,106,108,119,120,118,148
NF9ZR 141,74,8,70,75,154,7,148,71,113
FS94F 108,149,141,152,120,109,110,118,9,107,119
Y1BWP 40,97,8,153,42,44,43,45,152,6,126
DTUJD 2,33,111,1,95,38,8,96,34,36
K0C0A 93,96,152,94,59,21,154,130
CL9M5 128,62,61
LUU2S 122,106,107,118
U5M7E 17,141,6,16,15,97,126
BNSQN 138,97
4YAR6 59,115,32,26
HXLVN 151,154
O6FSN 8,118,120,63,61,143,142,69
DLCH0 7,8,113,141
F3ULU 81,9,97,109,110
LB4AR 53,143,58,56,57,109,110,126,142
QU8YS 106,11,132,107,59,118
H4YTC 102,127,105,97
VOX2S 142,61,143,97,63
Z9IF5 151,154,33
WI6NB 106,156,121,152,118
F1DQD 29,32,152,59,26,30,11,149,115,27
DWU60 13,151,34,35,125,127,38,12,33
FET0V 115,106,107,47,51,149,152
BBZKE 107,152,118
36EK5 96,97,144,153
HUOZ0 26,27,32,30,29,9
D444N 22,15,149,151,16,152
IUOC0 59,6,65,11,150,151,67,156
B8WPE 138,40,9,82,137
RY8ZS 95,152,6,34,36
MOWLI 141,8,97,83,84
EFX3U 25,26,32,65,156,61,28
MGBLJ 106,92,151,154,59
3IRHH 27,9,147,117,119,97,118
QDOXA 153,155,3,1,20,0
XVBTO 148,1
VYNEU 97,72,106,151,135
7SXQS 89,72,151,11,70,73,154,51,59
3ZUVI 112,113,20,21,26,28,30,126,24,22
1IYEW 72,123,132,70
YVOM4 150,82,97
GEAB1 106,67,69,65,68,156,132,63,61,62
F8PNY 11,89,151,59
L5842 76,81,156,149,152,63
DPJH4 112,113,63,153,97,61
MPBM1 15,65,156,151,97
47DR8 137,127,152
OVYAC 20,21,0,1,2,3,154
UCOGP 20,59,151
5GITI 9,61,109,156,33,63,34
KVYBY 156,153,63,61
2DPW0 106,118,130,119,107,9,120
ETT15 11,12,26,154,59,25
4MFE0 20,27,32,156,26,30,61,117,97
D8BTU 98,99,82,59,154,113,151,114
MNXXD 47,106,26
7G6F0 106,1,112,110,118
PKRP5 9,11,12,151,59
TZV01 60,154,40,26,112,115,114,97
7SLK1 15,6,16,141
FT3D7 40,154,11,65,156,26,152,149
Z9W47 40,45,152,8,113,42
AFUBV 106,107,76,118
ZP5TG 61,156,149,59,118,123,152
BWLA8 30,32,151,112,113,59
DPDER 148,105,154,46,52,9,47,141,8,97
A42FN 61,63,113,99,62,112,156,118,114,119
HEIW9 26,28,151,97
8EKYA 76,97,8,6
HMTRB 41,15,40,39
6EZH6 115,26,149,150
STY6W 40,43,106,107,152
68JOO 59,76,78,151,154,11
7LYA9 76,79,80,126,149,152
TBU3U 56,97
KAHM2 97,118,139,121
V58VE 47,135,152,76,52
53HOB 115,26
QXI52 97,154,6,132,115,153,8,59,123,32
22A2G 26,59,153,25,32
2SKOA 34,77,71,70,76
KCLMY 92,97,35,33
EZ3CG 52,125,50,151,34,97,51
V4HY4 15,97
NNUHF 151,61,9,53,62,11,59
L5GEN 96,152,97
X58SH 130,108,63,82,34,119,113,81
A53A6 40,59,43
JWVW9 153,59,26
TTRAJ 61,62,153,118,44,63
JJLTF 107,153,106,109,118
XKM5R 118,106,107
0KISF 33,149,151,70,75,152
MI7WU 132,59,154
03TL7 61,154,156,59,81,62,11
QKIYJ 144,88,96,149,153,83,97
5I54H 9,33,153,8
2JTRG 65,35,156,125,11,62,149,152,67,63,61,33
MLS4T 40,42,81,106,107,110,45
275W0 67,68,97,118,119,61
GWQ73 61,140,156
5VS8B 47,134,97,154,72
3IJGQ 61,118,9,156,152,65,110,107,106
4ISIX 0,2,97,8,3
M3IK4 59,38,0,70
YC9FL 6,154,38,33
OWAA9 8,9,107,154,141,119,125,97,109,6,11
UGKZ4 23,15,153,59,123
GWDF9 150,127,81,30,9,28,97
05GIA 34,35,154,9,113
70FXC 59,107,106,152,156
KAMP0 59,93,94,96,149,26
UWEWX 59,88,26,115
5TLQE 25,26,27,32
XQ4RB 104,20,151,152,154,59,97
8GQJO 59,153
ENT4H 52,14,151,123
UUX4G 63,11,156,104,14,151,59
38NUC 72,156,59,61,63,11
PRV4N 27,9,107,26,32,106,110,109,115
CB1Z2 40,59,145,97,26
PWW6X 46,48,11,154,123
RV48T 20,132,97,6
PV856 97,6,8,98,141,100
X16WJ 109,151,118,106,65,154,59,110,61,120,107,156
OPSC0 20,130,9,62,14
O6DZ0 95,33,38,94,96
ML12Q 131,149,154,152,125
5ZGRN 21,62,69,152,154,113,112,63,61
B76OZ 152,134,107,149
HEOJM 126,76,77,79,80,97
DFVXX 33,35,154,59,37
XRMVW 107,152,97,26,110
4QSRS 9,33,31,35,28,32,26
MTLT3 153,6,8,123,132,30,26,97,141,154
M0AS3 92,106,107
W1KJ9 103,59
XP305 80,149,151,154,59,126
UTR56 141,154,15
9ZQ0R 14,145,19,153,59,110,15,17,109,11,106
94AT2 59,106,107,152
NKCXF 76,77,15,18,152,123,78,16,17
XYSX1 10,152
6Z9ZC 113,71,151,1
JQLD3 61,156,11,69,65,40,67,14,63,68
3JSX7 104,128,154,123,11
4LU0G 9,11,145,119,151,115,118,123
1FPW9 72,106,135,146,75,134,133,154,110,71,107,151
XQSXK 44,17,15,40,43
0D5I8 87,123,154,15,16
BSDSA 59,96,151,33,139,30,35
GWLAI 0,33,35,70,2
0KEZF 16,17,20,152,21,15
KX7FC 112,124,154,125
XNYAH 96,156,154,11,63,59
IWOUL 8,97,33,34,152,148
7L7P4 9,151,154,81,125
E06A2 153,18,15,54,53
29757 134,96,150,135,115,154
9M9OB 3,97,0
TD1KD 107,47,9
PNAXO 65,11,156,59,67,61,69
1G2QC 106,148,1,33,9,0,35,15
M91YM 104,89,90,97
ZV4JV 33,15,35,17
6E4JA 65,156,151,59,21,20,61
ORUV6 135,106,107,15,152,115,116
WP8D0 11,8,106,107,151,154,145,59,9,14,97
WPPAT 113,97,112
RVLXD 112,141,6,113,148,8
N1FIJ 106,107
9GKCA 70,72,59,146
W4S0Q 123,59,132,76
8TDNF 59,96,148,1
91J8K 141,33,0,113
LQGMM 147,113,120,106,61
TOY9V 113,0,90,152,112,92
S3FY2 0,3,155,33,152,34
6VUKN 11,106,97,154,51,59,8
QYV5R 76,97,34,71
TY68F 16,71,107,106,15,70,33,97,0
PCZZS 44,2,1,4,42,9,40,0,70,73
EUJK0 26,30,46,49,59,27,32,47,149,51,29,52,152
MZHDX 134,12,154,0,2,75,4,1,117,37
D2CEL 0,1,148,88,2
NY0IW 1,155,9,120
3CW6P 98,102,8,154,127,36,97,38,33,99,35,101,126
B7SZJ 0,6,112,113,8,1,2,97
D3N3P 45,148,126,2,0
YRJMX 98,102,127,59
34J80 106,62,59,63
XFS7Z 1,153,9,129,0,128,2,3
WREDC 9,106,107,109,119,118,110
FTG07 8,119,9,6,118,120,12,110,107,97,141
OGK5Y 154,125
48EEP 51,152,149
3YNPY 59,81,34,151,154,36,37,33
55FRY 106,9,151,31,154,59,11
TOOYI 39,41,42,34,81,152,40,73,71,70
1WAOU 106,97,61
W1QG3 40,153,81,44,7
IKQLJ 107,47,51,110,49,106,154,151,109,97,52,50
099Y1 6,26,8,30,32,9,116,141,115,113,117,112
6AQVX 106,107,20,61
J3UKN 97,156,63,154,21,22,59,11,20
5TF8P 61,114,63
DIEEO 107,109,106,149,118,152,61
NILOB 26
MRNFI 6,15,16,141
T2J3M 6,113,1,112,8,114,97,141,0
SZWKQ 15,153
PXBN0 61,156
ANAR5 106,21,59,63,156,110,109,61,107,20
TZSIE 97,154,59,113,11,112
N67PL 98,156,149,154,11,152,61,62,59,100
ORJTD 135,4,1,0,3
CN43X 79,23,151,156,125,152
FE6RN 106,107,151,59,156
3G4PN 15,16,135,154,23,17,20,152
7UQFM 106,15,16,17,107,110,9,109
9HOV3 108,11,21,109,9,110,59
LQK90 51,107,154,52,108,11
M0P0H 40,107,106
IO3CI 152,156,123,59,63
ZH4JE 25,27,30,32,9,26,28
MCHRP 8,141,15,153,81,97
KV287 9,107,97
YDTH0 52,107,123,151,110,9
UIPJB 33,61,153,118
WBT2F 106,107,112,113,33,34,6,110,0,1
SMQUM 26,30,32,123,154,151,29,27,152
50TLF 44,154,129,61,63,106
MZ9X7 151,125,43,41,42,40
4RLYA 118,95,121,35,33,119,38,111
X9WTR 116,145,132,123,117,59,151,154,27,9,11,32,28,30,26
YD9OX 106,33,148,107,35
E5CP9 57,152
JOBFJ 56,42,9,54,40,43,53,59,151,81
X91NG 102,6,98,127,8,99,141
3S6WL 20,154,135,56,21,23
M2F66 0,26,6,8,1,2,5,107,112,97
GCWNT 6,61,112,114,63,156
WX4AP 106,52,107,14,51,152,11,135,110
W01LY 53,98,152
Q5Y02 106,3,155,126,92,97
DNXBJ 112,8,113,148,6,154
VUXLB 9,106,109,107,110
YO9NC 151,154,155,1,30,146,135,113,6,133,134,32,112,81,27,8,26
YJRBY 106,107,152,76,79
8CUHI 33,153,70
5XCUV 57,9,56,1,106
9D6WC 109,16,107,110,15,106
57RY4 59,106,154,9,107,109
1NNFV 106,26,30,108,119,115,107,32,9,110
E661I 153,150,59,97
6B93R 107,106,63,156,110,62
IFQS1 70,71,0,34,1,33,5
K6DF2 104,106,9,107,109,110
V4PKW 8,30,106,26,107,97
39SXL 65,156,152,132,67,61,97,118
CJELP 11,59,152
F5TL0 106,143,109,154,110,142,61
6Y0XA 145,152,59,97
NL7BY 70,154,25,27,32,8,116,26,59,34,33,115,35
TSQBQ 15,152,141
C1A2T 15,6,8,97
TVBLW 61,63,156,9,62
E6389 47,15,81,97,46,49,18
CTCO8 52,3,51,126,36,125,33,0
UBYBQ 70,71,156,61,1,97,20,2,0
DJ7DG 154,125
8BG1T 123,106,131,151,149,154,33
8NGDR 122,123,78,146,151,154,79,132,76
EQO9N 47,155,1,2,0,97
I30LP 59,131,149,51,11
38ZFZ 25,26,27,32,59,115
IA7X9 47,48,51,55,141,97,52
F1OMV 106,105,6,97,112,141,107,81
3HOJR 61,154,43,27,120
MHTRY 0,35,16,127,2,15,8,152,97
2RU6J 15,19,20,124
NRYS3 144,52,14,11,97,151,96,59
XIG01 65,67,156,61
9VKVA 21,47,50,154
J8KPE 63,112,147
V1TET 59,33,70,152,36,74,3
0F0WE 6,145,150,151,26,27,30,141,83,32
S2XJW 106,151,154,156,123,63,9,11,23,20,21,61
BRJ0H 141,61,118,120,97,63,62
G9I7C 134,133,154,148,70,73,135,146
XB2NM 125,151,97,8
1L7XE 63,20,112,152,113
UZDEE 143,9,152,63,62
FYJJT 40,41,154,125
BNH5C 59,156,154,118
RCA3E 15,139
YM5CV 15,154,9,16
1L220 16,156,63,61,15,97
PKNT2 26,28,59,132,151,9,115,52
SVEWD 145,47,154,11,14,153,50,97,59
ZK05Q 30,27,32,97
E184J 107,15,19,118
00NN7 6,20,130,52,59,97,112,14,151
QYE21 89,136,154
LPT4A 20,11,23,51,59
TNEEH 97,140,107,110,154,7,125
F0ZPW 70,106,107,109,110,156,125,33,0,63,38,119,61,120,62,118
SY1JE 8,141,106,107,109,97,9
VU7P7 26,123,151,115,30,29,97
E0ZBC 108,154,123,11,26,107,30
JTXUA 92,90,123,6,103,154,141,151,8
GTK8W 61,63,26,32,154,23,59,62,25,27,151,92,115,156
J3SQC 70,15,16,153,152
5Q3QB 6,8,141,53,113
FKFU3 92,26,152
3U1SS 137,144,124,154,127,138,96
5DYQR 41,113,151,154,112,141
06II2 70,72,123,151,154
0W4F6 11,48,151,59,52,51
CP3Q6 147,146,0,118,33
CP07P 144,152,0,20,149
7BT7L 65,11,156,59
78N0Z 63,59,156,115,61,145
0BWYH 81,22,153,61,62
K1ADF 114,76,33,38
BIL5H 47,97,59
7GPSY 65,156,153,63,97
7WG7A 8,106,105,107,141
Q2U7O 107,110,120,118
CCN3E 20,96,8,97
EBMIO 52,34,125,97,33,151,14,51
7TNNG 53,16,15
EW3VV 123,106,151,154,107
RJFT8 15,97,154,123
IXY95 142,143,88,63,9,61,123,97,154,128
KKCB9 65,70,156,149,67,72,152
144JW 153,125,33
BFVX0 65,151,156,132,59,61,11
W6GTP 76,15,16
PN7CX 127,102,63,54,134,98,156,154,61,55,135,65
6YTAJ 9,25,32,65,61,27,156,67,62,11,26
151DU 63,152,61
N8SO1 55,97
2H9YB 97,104,6,8,103
17DOT 59,23,154,97,20,11
PQZBX 30,26,28
URWX9 63,151,132,9,61,123
004QE 106,107,128,154,151,97,61
VT64S 61,63,156,20,23,11,21
944AK 8,33,141,152,97
D8YOL 132,47,51,52,59
RJQL6 33,35,15,19,0,2
DYWR1 15,153,87
IH3GN 61,156,97
FTIPX 72,98,154,115,59,70
LQ0LM 112,151,113,154,120
CV5YJ 151,19,145,123,15,47,154,17,50,14
N513D 28,113,27,15,26,32,25,16,112,123,81,29
ERGN3 72,65,156,73,70
AZZ7V 76,1,4,134,0,2,146,71,154,70,75
U2VK5 152,149,97,40
EGVGL 21,76,88,122,154
QQRP2 61,156
2BS0V 8,98,33,97,70,6,141
UKOAU 150,121,19,118,119,97
A45RV 8,61,63,113
DZVTI 136,143,137,127
4Q3N9 97,94,96,152,149
ELRP9 61,63,120,97,118,113,112
D7ICK 15,132,9,97
UT4QT 33,109,106,110
HTEB3 32,123,154,11
759UE 39,43,8,141,97,40
MQFFN 15,93,96,16
CSQLJ 91,26,33,37,38,11,32,153
ZF5CP 148,113,2,6,1,0,8,96,112,141
51JUO 59,37,33,14,11,106
ES2QH 59,153,114,151,1
ILF19 59,146,149,152
EFNXW 59,107,97,106
TCQXI 70,153,126,97
BVGMT 38,13,33,35,97,12
H28KM 26,94,96,150,93
FHAV0 27,154,12,59,125,117,14,30,152,115
YSZVZ 26,27,106,118,153,117,115,107
5TG2E 154,123,55,97
QQTQN 65,156,67,61,125
KBPI3 9,59,71
GIW6N 61,122,156,154,146
VQWDG 20,61,23
42MIK 38,153,33
45FWP 61,156,118,119,120
93YXJ 119,154,63,9,118,61,59,62,21
U36AB 59,151,109,106,110
0I0FX 9,22,130,69,156,38,20,61,97
RMNL1 16,59,154
JBZF5 20,51,149,154,152,14,12,52
MJVDK 65,151,156,71,117,61,59,135,74,67
BZ1TH 106,107,110,32,123,27
75HWR 15,67,150,16,61
S0B9O 152,33,38
WEU2E 40,42,152,149,97
RF3EW 46,47,51,26,30,32,52
IKPR3 65,61,156,150,154,67
76A29 9,107,110
WH1PD 106,152,15,135,96,17,87,16,110
BCQWJ 56,150,53,97,18,15
J9P8D 15,40,150,97
32N81 154,110,107,108
ZVCMM 119,118,113,156,120,61,62,112
QL92H 59,112,113,150,151,9,97,24,26,30,154,28
8K0Y5 15,16,106,107
WENGZ 65,143,152,142,61,149
6SB75 32,124,126,27,26
NTW37 6,60,154,54,53
9HNRY 41,44,59,117,153,115,40
LU82W 9,84,85,83,149,40,45,152,115
FJRGJ 8,81,113
9T0AC 20,123,128,129,21,33,34,38
TZEJS 151,61,54,156,9,11,108,63
TYZ05 61,106,65,156,11,52,67,51,14,118,59
B0MFE 33,70,97
CY6U7 154,59,23,2,8,14,97,33,9,11
VUOQF 113,156,63,152,61,97
JCSTR 51,106,135,107
48IQL 106,107,151,152,110,59,97
B2X4D 156,61,9,109
5OCXJ 96,146,154,122
OKL5S 107,108,113,153,119,118,109
N8WK8 25,26,32
JF0O8 151,154,76,80,123
G838Q 138,102,127,114
6MUM6 106,108,107,118
21E40 73,107,35,106,154,97
HUNW6 33,127,61,156,154,38
QB7ZN 59,151,27,11
T1KK1 106,109,61,156,151,135,110,81,63,118,120
T5JY8 106,52,92,154,107,11,110,59
MC34P 15,16,18,32,59,26,123
GUCB4 108,59,151,106,154,107,11,110,109
WHRBU 20,59,23,154,21
IHLXC 72,122,59,154
B1FY9 61,62,118,120,35,64,33,38
G5KWF 136,58,149,152
VGAMG 106,107,110,59,9,118,120,119
Q9Q9L 61,106,59,154,120,107
ARN8U 106,33,107,72,11,123,70
QT4WM 113,126,88,117,8,115,86
JX18W 70,154,8,113,146,73
1BEFM 59,156,61,62
61BEP 104,16,154,123,15
U1OYB 145,11,53,154,56,151,58
SKI92 147,62,21,61,63,153
MDXF4 6,106,113,107,8,81,112
DVBVZ 21,23,153,154,22,11,9,59
UJOLG 67,156,97,65,57,62,119,63,61,118,69,68,120
5RY3S 67,140,97,141
CDT32 74,96,126,152,71
Y6P1E 9,113
001YG 23,11,154,20,149,59
GK08Z 6,8,40,42,113,112,141
4021D 6,106,154
9QYHQ 97,59,123
TXJK7 103,151,154,123
TIPUS 30,32,93,96,81,26,82
XSS0J 48,113
9GOUI 61,106,65,156,150,154,107,118,119
8V97G 154,8,55,97,6
WSS0V 61,21,63,20,59,11
1IPYC 25,26,32,97,115
DFJ3N 9,106,147,20,63,22
KS0FF 11,154,59,14,125,47
5V8WH 19,8,97,15,152
ROOLO 151,153,125
A75XI 109,106,16,107,110,15,123,9
CFDXI 118,119,120,9,156,154,62,63,135,61
0C5IQ 60,33,35,97,34
RJU3H 59,107,145,106,115,9,32,109,11,26
YKVYR 20,23
TMH6L 107,154,93,96
KTDXB 0,1,6,8,76,141,97
R6H5P 118,97,152,6,0,3
5TG5P 76,152,70,20,149
AGJH7 44,0,1,2,97,39,41
F1MWB 130,39,153,105
VG94P 106,107,59,149,152
GY70Y 106,123,132,59,107
FYR3P 35,96,155,0,1,2
RCD08 36,94,152,73,1,0
QD4GS 106,107,33,38,35,109
DVTAR 65,59,156
70SEI 121,154,119,11,118
9SIZS 75,0,1,4,126,71
12VVC 26,28,30,60
W1AG7 11,55,149,151,59
8W31Y 156,134,61,72,63
ZI2XH 81,82,26,28,114
JMXK5 88,118,106,154,152,83,84
Y3YE1 40,62,126,152,132,127
FVSB0 113,137,152,1,114,141
R1DCJ 106,126,110,107
1ZEJJ 94,96,26,153,149,152,85
8BMZQ 98,118,102,120,127
0VKEE 61,41,153,118,59,40,42,44
MFWQ7 59,16,151,97,15
IQM7A 56,139,6,97,8,35
KEY1O 107,152,118,120
VMI2D 54,148,53,1
0TXYV 9,15,106,30,107,16,109,141
G4VTC 106,76,102,135,107,98,115
I6IPP 106,15,152,85,59,16,11
6LBDM 91,106,97,59,151,154,107,92
6GY1M 59,52,151,152
64SL1 98,100,70,73,149,154,75,152
8XFAV 106,108,113,9,109,107,110,8
K224I 59,147
VKBIV 151,154,59,16,15,152
IV8MD 65,69,149,61,0,67,70,156,63
MDZVU 9,153
Z1H81 104,76,97
55UAT 81,12,9
CBVUS 76,153,33,135,38
S4PLU 38,106,9,34,35
XBB9P 1,113,15,8,114
R6QCQ 96,122,146,154
3MPY7 118,61,97
6UDGS 55,6,53,97,8,56
3O300 37,97,4,33
09F15 153,115,26,104,8,113
PUWX2 15,18
PQH3Q 96,33,144,154,135
SPUPH 33,153,113,9,67,61,112,156,65,63,69
XRI58 59,156,150,61,151,115,110,154
DSP2U 59,56,151,54,53
B2NAS 9,65,68,151,12,67,156,154,123,116,61
BA6DD 154
UJXBC 8,93,151,125,16,15,97,113
3CFFJ 98,156,151,154,9,59,106,110,61,107,63
B2GXG 33,35,154,113
HJ2JO 156,153,61
KS29V 141,76,154,135,97
00N38 1,8,155,0,141,97
MMV3D 70,19,148,0,15
HJJ32 9,24,81,20,82,97
SLMQF 65,30,156,148,1,28,81,155,69,68,2,9,63
KZ45F 122,70,72
KO80I 15,125,77,107,16
VMRAV 104,9,97,8
KR4EB 118,153,149,33
RVKKS 124,125,154
6PZJ3 26,28,72,119,62,61,9,97
BLB6G 111,122,146,9,118,12,123,121
J7D0D 113,156,7,61
5QXCO 26,32,1,27,0,5,30
E2EHR 65,5,156,1,37,4,61
0M1ZU 71,31,152,153,28,26,70,75
YOVS5 124,97,6,154,146
YUCU2 106,156,61,110,147,113,112,81
75HNO 115,59,54,32,56,53,154,151,125
WCLGY 3,4,0,38,1
OSHMX 106,20,21,151
LDBDD 11,156,152,149,67,65,126,61,59
JA3MN 33,35,150,8,34,109,141,9,119,97,118
Z6IAE 92,8,148,90,0,97
0NM06 9,11,27,132,59,151,32
10LP3 70,73,74,97,79,126,71
Z5AZW 33,36,97
A58I2 20,21,33,34,59,97
3V2HJ 9,106,22
OA6XR 70,73,26,71
YHPLU 59,156,151,61,21,20
DYXY5 96,154,106,59,129
CF92N 132,106,151,59,97,107
X2GNB 106,125,51,152,47
ODMAZ 107
X3KFE 16,106,109,152,15,87,107,123,9,135
O5D7S 52,154,59,11,107,14,97,51
DD9YS 61,152,20
VXNGC 72,51,152,47,52
SFZ6Q 113,0,148,8
J1RLO 6,8,97
W75CV 33,20,146,70,72,125
F31X6 59,57,61,156,154,53
4KO74 152,107,149
L3F3M 16,156,61,106,15,62,11,63
OSJW7 112,113,12,114
7JSAI 130,21,22,152,9,20,97
BM9H4 84,88,61,156
O4P08 9,137,153,81
0XP8L 63,147,52,151,11,143,120,51,119,62,61,59,14,142,118
LSURK 106,107,59,118
RVYXB 110,154,59,108,52,151,11
TMYHM 16,152,149,15
W5RC5 59,106,151,129,154,123
M02OO 149,141,152
8NSDT 9,15,17,61,65,97
FDOY9 105,106,153,108,107
3FMAS 96,154,87,15,144,16
9FHVW 16,113,112,152,106,15
EHHRS 104,129,153,61
G5G8K 76,77,26,153,152,115
5SGU6 21,20,81,113,119,22,130,112,9,62
LCEM0 156,52,118,61,125,119,9,11,63,14,62,120,51
YCGJS 66,151,154,119,11,61,118,152,97,59,62,9
Z04NK 26,28,152,9,149
KRRBE 97,86,154,26,32,59,84,88
12T13 51,33,14,107,11,52,59,109,34
Y4PAD 15,16,11,61,107,63,97,59
ZHOP3 112,0,155,73,154,113,1,2,70,148
8KM5Q 31,152,125
8WYAG 1,2,4
D2ES2 20,23,24,97
ORPD5 0,4,85,34,1,84,88,152,15,35,12,33,149
WTJQ0 6,8,61,62,9,97,107
GANC6 42,9,102,153,40,45,43
8FH2F 6,123,107,59,8,106,152,151,97
MOT57 26,106,9,32,30
706BT 65,156,152,149
OFB7A 106,152,88,59,107
MQHDC 61,156,65
19ZJB 26,28,6,8,141,116,115,132
D548M 9,97,47,49
PZS0C 141,154,146,155,135,96,133
9J166 90,26,25,32,92,89
CJJ4Q 62,151,132,156,123,61
QU5KF 87,97,15,16
DDV1G 59,146,151,11,134,14,133
51801 63,106,9,59,11,118,119,120
NYZ5Q 154,114,82,112
PBV4T 154,59,62,134,65,61,156,119,63,151,107,109,106,67,68,69,118,110,9
1JGRO 92,156,61
SCTNB 8,97,76,150,79
MNBEI 97,151,55,154,59,8,6
ZHPZ1 135,33,151,154,75,70,72
V2I7S 15,19,97
LKYCT 65,106,151,97,156,61,63,135,62
J4TLX 149,97,146,59,152,11,154
RM1FR 112,113,114,8,6,82,29,152
7W8E0 15,76,18,0,97,16,154,152
ZEC1D 40,43,18,87,15,16
JHRXJ 61,125,16,15,67
K43ZC 57,154,156,127,59
CMZOB 39,41,113,9,81,119,42,97,120
JIGAJ 105,96,6,141,97
WT7GN 20,141,8,152,97
M2AKR 106,107,88,152
NYZL3 118,119,61,63,145,123,120,115
O1XYF 141,65,67,156,97,51
PSCWP 64,155,13,120,118,1,3,0,62
KSAGF 51,97
N79WJ 81,84,86,88,112,97
EUK1Y 26,32,118,116,28
WFUK2 85,155,152,149,88,2,0
N0DXI 65,33,156,61,35
0CFQV 96,113,97
2YT8V 137,152,20
9I3HW 66,26,123,61,118,67
MDOSW 38,123,61,63,156,33,20
857S9 65,106,152,59,156,11,107,118,109,61
CNX6I 137,52,154,59,11,14
ANZ0S 142,143,106,59
JPEM7 59,151,65,68,11,156,67,9
X1EZQ 145,21,26,156,63,124,20
Q9TIN 141,96,6,154
TTJNS 155,1,2
4JQBM 40,70,0
4D7GX 53,8,0,97
334W9 106,136,154
OGA0C 59,156,149,63,62,61,152,11
024PD 15,32,25,28,26,9
808H5 106,8,129,110,107,113
RYXCI 11,137,146,154,151,59
4L664 76,79,98,77,126
4CHXK 97,92,126,109,6
AJZYE 106,8,107,141,113,6,112
DGPR1 141,24,125,151,20
8NU39 51,135,106,9
O55V6 70,149,152,75,4
JYDCI 133,107,146,134,72
6WZ1K 52,19,154,18,1,2,11,80,14,15
BBYHD 141,156,65,61,6,8,97
DVDU2 64,126,156,59,61,63,120,11,62
RPPCV 33,38,153,97
6N4BD 21,61,156,146,125
DG33V 142,9,63,143,62
WCY52 126,147,97,1,3,127,0
TOYP5 125,106,107,61,97
LIP4U 155,149,1,0,152,2
2PRCP 106,26,30,152,32,107
KC863 112,113,15,26,20,81
T35WB 151,149,152,125
FFBK3 20,26,28,103
PVN01 141,61
55OAL 70,73,113,8,112,6
SHZ84 70,73
67EEN 151,154,123
CMI7U 28,81,154,113,97,59,116
TM0RL 106,107,9
LPR6Z 105,148,1
3NOML 99,155,97,1,141,8,0,6,98
IHGNV 20,21,126,1,35,33,36,3
00YZL 65,106,156,143,142,67,107
9PP4V 151,18,16,15
N5895 40,15,18,16
NSUHV 32,67,61,63,62,69,26,68
TWLUH 48,11,106,151,47
M0QER 26,32,59,151,154,116,27,25,127,28,102
3LLSZ 26,32,97
TKWJB 61,65,67,156,63,62
X00I8 59,26,32,107,118,106,97
N7ZBM 70,98,101,75,154,33
YUOQW 85,152,20,149,84,61,15,88
3CAPI 3,74,126,1,0,71,70,75
9MOH2 113,128,97
VX39P 97,89,38
DP1TV 67,68,81,153,37,149,62,61,152
D8OSC 98,101,149,97,127,141,100,152,99
I6NJ6 134,148,154,72,146,133,74,2,78,73
UZIQS 34,35,37,81,33
ZXN6A 106,65,67,156,11,109,63,9,107,123,62,61
9W63D 84,15,125,115
U5CDS 59,92,151
P5JRJ 26,32,134,70,125,72
6N7G6 119,11,72,151,9,62,70,59,61,73,63
PW9P0 92,155,1,0
ONA0S 141,151,154,8
EOAR1 142,143,12,61,62,63,92,68,97
OL2JP 140,7,115,30,26
A3AV0 8,141,154,125
8PL34 6,151,58,8,154,135,57,53
BLBJY 61,118,149,156,106
IQSWM 67,8,6,61,97,141
TUVM8 51,149,135,123,152
NALYS 40,42,44,1,152,39,41,43,0,2,4,97
54VBR 59,106,151,11,107,156,65,61,154,97,122
Q37OS 107,84,97,47
HCSPE 6,8,15,17,141,104,97
H69BE 51,11,46,59
MLLVP 106,153,107,97
4FS34 151,59,100,98
5AEB8 72,145,151,70,26
M7KH7 109,81,38,33,119,118,111,121
09QI0 15,155,2,16,1
NDH24 47,15,149,52
CXO6P 67,70,118,69,153,120,72,61
3S70A 1,9,146,14
LRQXG 33,0,1,153,3,2
PHWKM 9,28,97,25,27,26
6FUDS 90,156,151,59,118
BVX8X 67,69,8,15,143,65,156
D1D55 59,153,151,154,117,116,9,115,86
DZ1VH 15,118,63
X084M 103,104,97,8,141
6VF2L 97,127,1,106,71,73,70,9
5HOAV 81,109,118,9,15,61,17,62
CO8ZB 155,150,152,0,149
FZIW9 61,21,67,63,65,152,156
BVBZF 156,61,132
UYFET 105,97,4
8E5AD 137,156,65,69,63,67,61
TKOYQ 81,16,31,30,116,126,15,26,117,115,127
I5LAC 98,20,9,97,127,22
AYMCZ 77,47,48,52,5,97
FZ0LU 97,110,115,26,31,28,154
HFYNW 59,156,153,11
5S2ZU 59,147,97
7Z69Y 20,151,1,4,59,148,2,114,21,23,97,22,37,81
RHCFX 106,134,26,107,146,78,32
BQXVG 52,154,109,97,150,119,107
WMR4G 61,63,109,62,107,110,156
7ZUE1 123,12,154
2JR26 34,106,148,154,110
SMPEB 6,61,63,118,127,120
UL7YC 59,26,118,156,62,106,9,63,107,61,120,110,11,97
MICBC 26,32,59
61TMQ 65,156,67
AEUVY 15,98,102,149,127,17,16
CG9ZL 132,59,151,152,97
69F8P 20,24,76,78,126,23
4HMTY 15,16
B0BDR 59,61,151,118,156,152,65
KR0SH 9,52,59,28,27,11,97,116,51
6VUIO 109,110,47,51,59,106,52,107
VAKF0 61,63,149,118,67,152,97
V62NW 25,27,30,32,153,26,31,97
D87UN 26,32,122,106,107
F6Z7U 142,81,156,70,63
S1F6M 107,141
BKC9E 67,15,19,152
ZL61Y 9,115,117,116
OLEWM 118,97,156,50,63,59,106,107,11
1LSEQ 91,153,33,38,9
8ECJ1 32,115,106,26,152
NHD1J 132,155,123,48,151,9,2,51,97,118,61,120,119,11,62,0,68
XTRH7 97,33,35,0,150
4713W 97,153,8
SMMK4 70,106,110,152
VVTJJ 109,9,11,151,59,97,16,119
92AO4 33,150,97
I3N3J 127,26,32,154,27,3,2,1,4,30
QBQR3 32,154,59,27
EPP0O 118,98,149,62,63,156
0VQES 26,40,81,43,115,42
AWGMW 150,110,122,154,109,55,106,120,119,97,118
B7IAK 15,16
J84TZ 97,70,146,122,72,149,154,73
CWBHH 155,28,32,0,1
UKLQ1 104,59,20,23,22,151
O2OUX 98,102,52,46,11,127,14,59
XZM6Y 67,68,150,61,112,81,63
PRVP0 50,97,47
NGMVI 58,155,153,35,33,57,1
VFS9P 107,110,106,109,151,11,118,92,59
B2EZB 106,107,137,127
0ZSFI 8,141,70,33,34,0,1
VYI5L 15,1,4,114,16,70
WPZQ7 128,57,126
WX7AG 109,104,15,9,107,110,106,16,87
MTEOU 59,156,154,118,61,119
HCM5Y 76,96,156,154,8,125,118,78,97
EB4V9 152,59
RKGG5 98,101,76,78,79,122,126,123
SXAAN 126,97
A21M5 100,26,39,41,98,25,27,40,115,97
87EQI 107,151,125,127
JCUT2 12,154,81,119,120,82
V24A5 97,61,62,156,119,118
VGPYM 107,152,108
N8R3F 58,3,126
QDRWK 26,30,152,127,28,81,154,97,8,6
642HE 26,156,11,152,59,115,123
Z7UOT 34,154,43,40,59,33,127,128,11
9HI9D 54,113,156,53
90L0S 102,152,127,33,137,6
EAVWL 109,27,123,32,26
P3WQV 96,151,134,135,72,154
U6GKR 106,107
7JZGN 134,135,25,26,27,145,115
MPUJ7 15,47,52,40,44,125
YXN50 81,119,107,118,106,109,63,62,120
ZCO4U 59,151,125,152,81,154
5MYL4 135,156,20,132,61
ENQ1G 33,152,149,38
X95FK 81,1,15
UJMNV 33,153
L5ZAB 107,154,153,123
XDRZ7 97,92,153
5VDT6 106,126,1,107,75,3
7L5W3 59,15,154,151,18
4U20P 153,107,152,149,118
LQEB5 137,138,1,3,155
4RBVB 27,59,151,8,30,26,6,32,113,112,81
73XDD 123,97,155,151,76,0,1
OHZG5 9,106,72,149,11,115,59
I7HPL 156,11,59,118
GFFJM 105,141,156,6,55,97,154,61
PVCFQ 15,19,0,153,33
EMYSA 143,23,154,21,142,20,61,63
ZI3BR 70,73,75,33
8I352 97,11,15,59,114,33,12,19
XU2BY 67,47,61
R4BTI 97,0,153,155,9,1
55AH5 122,8,156,123,61,151,134,97
AH1N1 151,154,123,9,62,34
WYZ5D 26,150,53,33,97
654PD 116,115,27,28,26
VPB1Z 26,125,9,15,27
MNC10 98,101,63,40,43
U5B14 59,154,113,112
J53NS 138,154,107,59,119,110
I562C 61,107,59,151,118,141,11,110,120,156,6,106,8
OSIKP 63,32,156,65,26
QEFJF 156,61,12,118,9,119,120
M5W51 11,146,154,120,63,59,119,118
NEO0V 37,153,33
I164P 97,8,141,118,120,110
KRLT7 15,18,3,126,87,0
AXKNP 16,152,15
77AL0 61,128,83
45D5U 102,17,9,127
6R6RS 55,124,154,70
TZ548 97,23,20
JLGLU 8,141,33,35,6
IZ2XX 9,26,149,6,152,28,97
LI5MN 11,59
TDNV3 82,156,154,65,11,59,61,68
GLS7U 11,61,21,128,59,156,51
E0AEN 28,8,81,113,1,112,4,6,141
S1LY3 51,59,115,26,116,145,117,32
AOQ7C 141,6,8,150,97
NT2HT 25,27,30,154,26,28,32,59,9
5V8OI 112,113,154
EDXBD 141,11,14,154,59,8
JKZUM 6,8,115,117,97,141
WT2C0 65,32,59,156,67,61,26,69
R87CC 141,72,154,123,6,8,70,97
QIYU4 105,8,39,6,154,117,41,112,104,141,113
428VQ 115,26,32,25,27,97
NR9L2 113,62,147,61,63,112
8MIK9 61,156
UCT5X 1,97,134,154,146,4
DRPO3 20,141,106,81,8,21,23,9
2TBSE 26,30,152,32,25,154
3HF45 2,1,0,150
GHARQ 76,118,156,65,61
FHPRK 11,106,32,51,26,115,145,27
JJGEU 26,118,156,106,61,107,109,67,120,108,65,119,29
7KEON 26,28,126,115
WWVFH 33,154,59,152,38
4HZ3B 123,9,20,59,63,62,21,154
9RZ97 11,115,106,109,26,32,14,145,107,110,27,59
5YGND 151,8,59,154
56PK0 59,40,70,75,154,41,72,151,73,71
9SP9P 59,106,67,110,63,69,107,61
SZJ09 11,32,59,97,27,26
M79TJ 118,151,120,119,154,125
PNVRJ 70,72,73,97,153
UB00R 61,154,118,156
ZRXQ1 150,97
CEPB8 34,37,4,2,35,5,152,1
5MSZP 65,59,34,152,156,4
59X8N 127,99,40,156,98,62,63,61,102,100,118
O8PO3 120,150,149,97
83XF0 73,8,79,141,71,97,35,70
ANXB8 65,106,156,61,97,67,141,8,6,107
SLIH4 97,6,106,107
6KDQO 123,109,154,106,110,151,59,63,61,62
3LFV6 154,125,37,35,33
GCTH8 106,151,154
H5V2Y 156,106,65,11,59,9
R74DE 78,79,33,36,74,72,70,71
SBHID 8,142,134,76,78,141,143,77,6,110,107,97,106,79
9FGB6 8,20,112,130,63
C0LZD 11,9,59,129
MQZKO 134,152,72
SBG5F 11,151,107,109,108,120
60XA3 59,149,148,152
DFG9M 72,154,134,96,146,97,133,74
SCHOY 105,106,155,1,0,141,97,111,8,110,107,109
XDP02 153,146,40,124
Z7O9G 106,15,17,107,109,16,110,144,61,81
A18EX 67,66,149,152,135,118,61
MLKK5 81,106,107,15,17,110,87
XQWLY 26,28,81,9
PQ0DQ 61,125,62,59
LKN3Z 61,97,107,96,63,106,109,156,81
K0X80 96,141,8,97
NYXJ6 20,59,97,8,145,11,9,24,14,126,22,117,115,116,21
9ILM6 107,20,156,61,109,21,63,62,106
XPE7J 0,1,2,135,152,4,149
JQHIC 8,0,113,2,1,152,154
FTQRE 116,115,98,102,127
7XBPE 20,143,8,142,23
VOU8V 106,16,118
Y3QYR 98,31,126,32,25,26,28
0IJ8T 140,37,33
18CTK 137,138,47,150,26
DK1F7 98,106,9
WH1S5 65,67,68,156,61,69
WRW7O 70,118,63,1,9,71,119,62,61,0,150
KSAU8 105,20,23,0
XHGV7 81,82,113,114,61,60
ORAT0 10,156,154,59,11,107,151,65,116,61
PXU2P 59,11
YVFBN 59,65,156,152,61,67,149
THORO 127,59,154,33,35
8175C 36,8,33,141,97
5N7EW 97,6,8,147
JWPS5 37,65,156,154,123,132,61,34,67,68,33
E5518 26,152,107,154
MSCYV 146,152,59
2MDHE 20,106,156,125,97,61
CU3JE 47,1,2,9
GC1Q1 0,8,34,59,151,1,97
3D94R 61,63,156
7TJ14 112,63,113,61,156,62,118,120
EKLVV 148,0,2,1
DUAOJ 104,59,153,156,151
V7LTE 141,148,8,2,0
XF28F 0,12,4,152
R3Z2O 78,134,16,15
RO8N5 106,107,108,59,132,118,9,61
USZCJ 6,20,8,97
AKALB 134,135,80,9
TS75H 128,151,125,153,65,156,107,61,63,62
NUW2S 59,146,151,154,76,9,11
M5S4U 102,114,127,36,34,33,38
O2294 1,155,132,21,97,2,3
8BBX0 8,20,23,97,22,6
GQCUX 107,149,134,72,110
JCWVV 9,33,123,26,13,28,151,154,11,12,115,116,38
3WRE7 97,145,154,125,32,26
5XLBY 28,9,115,97
N39RU 11,65,106,149,154,156,110,109
1Q4P9 26,33,153,154,135
TYYZK 21,47,151,97,117,50
Y91JG 9,153,28,26
M6XX6 78,149,152,125
KRZW8 47,52,15,16,149,152,125
QFDKV 40,152
C3HIN 152,59,110,107,155,11,106,109,1,118
9GLQZ 65,20,150,156,154,67,61
G183W 59,152,151,154,118,107,106,70,71
JAOPD 20,22,115,117,24,26
Y0CA0 113,147,112
87ZOX 26,20,106
PMVT7 26,65,47,156,61,67,115
IJPY2 40,106,107,155,9,118
X9T4M 98,107,150
N3OKQ 118,11,52,154,59,51,120,63,61,14
72R6A 38,35,33,34
ZIWZH 41,151,59,39
0EJAG 9,106,107,149,118,61,63
YMT5U 12,33,38,13,6
3AE3T 123,47,97,9,132,49
R3O7U 91,0,1,3,120,109,106
O7OD2 97,65,156,128,61,107
YH70K 119,97,120,9,12,20,118
OJIRT 0,21,20,24,1,33
NLXQE 40,156,61,20,152,149
7FAB3 63,143,62,9
BW03C 84,88,123,30,32,26,115
IET7H 20,113,8,6,22,126,24,97,141
WKDPZ 84,59,88,86,154,9
2FC4V 98,102,149,152,127,113,153
YV521 116,145,26,32,135,81,115,25,27,153,28
3PTQK 9,98,99
3CIVD 61,156,72,70
ZJ54N 20,22,61,156,155,126,63,62,1,0,21
D9DSH 136,26,32,115
PEIV4 39,43,42,9,40
3P38N 25,29,149,26,32,154,59,152,27
YNRI0 10,59,106,154,11,6,107
DGPUE 106,107,61,152,96
MY5CQ 52,152,59,11,32,27,26,46,14
K1D2G 75,33,38,97,127,74
UWRQV 47,52,62,63,112,113,141
VEKTO 26,28,98,54,35,38,33
1LKPL 87,15,154,62,16,119,116,30
98KNP 10,151,154
GOK03 62,61,63
8BA61 65,122,156,154,76,63,78,151,61,9
M8NZA 60,82,154,28,30,113,26,112
43OGO 145,54,151,125
BKXN4 55,52,35,148,11,56,33,36,154,59,54,8,0
JY0I5 22,23,102,38,127,33,96
ITJIY 59,113,11,156,154,62,63
OX3BI 9,28,26,104
7D99X 65,67,156,61,130,107,109,44
DML20 57,151,125
9OIS0 141,33,34,1,97
3C9R2 11,51,152,59,149
DJG7A 98,102,1,4
GIC6A 67,70,73,97,65
3GY40 80,151,63,59,149,153,11,97,20,61
3OQ8M 3,152,154,124,151,8,0,6,126,141
FQDS1 15,26,28,32,82,97
7U9EW 100,156,61,98,97
RXED2 145,153,26,123,32,115
8FP8X 98,33,34,36,9,100,107,38,109,111
CA5OI 8,12,33,13,132,20,97
DXVRB 33,84,70,72
91YZH 20,130,62,154,63,152,61,21
WF7TY 57,67,154,61,63
GWUM6 113,119,59,151,154,141,118,8
YYGJV 127,79,115,97,76,26
DECCY 59,26,27,30,32,151,145,117
LVTRJ 65,106,54,156,81,5,67,63,61,69
YRX5H 61,138,8,137,156,6,20,62,97,21,22
Q2Z3E 33,37,88
PE4BQ 92,9,68,62
Q4TKG 76,77,79,80,59,107
RBCU4 118,120,26,30,154,152,149
3LM6H 98,40,155,152,3,43
YXI7M 70,97
6F5W0 155,1,107,106,135
GMTL9 106,47,123,67,65,119,61,51,59,69,68,156,118
VKDLS 59,26,154,29,32
5U92L 155,118,3,9
SP89Y 132,97
LKHKF 32,152,149,26,135
K56PA 42,123,151,148,0,40
DWBS3 32,63,11,156,9,61,27,14,135
WEIJ6 36,6,126,33,35,141,8,97
H8F1C 152,28,155,26,88,1
3DO95 122,123,77,26,30,32,117,146
1LARL 112,113,67,69,152,151,63,61,123,21
YFPHS 113,132,4,9
X2Q00 26,51,156,61,52,59,30,32
DDX0N 15,20,97
XYTFC 113,33,35,36,153,9,34
YEHFQ 20,22,156,97
O3HAK 59,15,16
PFTHZ 142,61,63,156,97
RJPOO 106,152,88,107
I5Q2Z 61,108,156,59,107,62,11,63
AMIHY 128,156,129,106,11,62,110,61,63,59,107
8D464 15,105,87,16,97
XDFPV 15,16,18,97,59,11,123,154
56XKK 130,72,151,21,8,70,20,6,81,9,122,22,132,97,61
G2WHU 59,107
92QGQ 0,70,59,73,151,1,97,3,72
PAXNL 59,61,151,156,154
2QXXW 8,141,67,97,61
MYB7P 15,87,65,67,61,156,16
TD3HC 71,74,113,9
9207X 113,15,112,9,151
WZ351 20,152
YXJBA 32,61,9,26,72,156,116,106,118,120,63,70
U32ZC 22,20,23
JELL2 92,65,67,69,149,152,156,61,63
IHSRC 21,85,88,152,55,83,149,56
VUSFK 72,15,70
SJJ35 106,118,11,51,156,59,107,108,9,67,61,119
EWH3D 11,154,0,59,1,51,4
K21RO 30,112,26,28,32,6,113,115,97
PPKP0 106,61,59,151,118,119
6HWQJ 115,153,26
D95PM 67,61
XX7ZJ 20,152,61
1K4ZT 114,100,82,98,4,97
8N7NZ 81,72,154,59,70,71,112,113
HD57S 0,119,61,118,4,127,2
TAGEG 127,102,119,118,114,120,81,112,113
SWIQN 2,0,1,3
RT07R 15
WV9FZ 123,15,61,63,156,11,16,59
35C4E 125,151,8,154,97,18
GP5CT 107,98,102,152,127,106,99,149
XZGIR 33,15,151,11,154
JRSPH 59,154,97,57,8
A8T8V 16,151,97,38,33,35,15
KFHLP 119,62,9,6,150,15,151,118,16
2JYRQ 91,154,127,125
1DGC9 76,79,8,154,78,15,6,146,97,18,124
4JKLQ 0,61,63,154,113,2,62,112,4,114,127,81,130
TBPLW 0,5,97
7HEWH 118,106,109,59,120,107,154,121,9,119
CEM0H 98,106,88,9,109,107
VE52Z 65,64,156,61,96,126,97,59,67
9YRHF 33,36,106,107,126,153,3
81DW6 15,143,154
0DJ6R 16,15
7QQJ1 123,72,70,115,152
HYRBL 106,80,59,118,9,77
PZQIN 6,67,8,61
06CKN 113,6,81,64,61,62,112
0HD0T 79,97,126,113,38,33,13
SYUNE 107,110,155,109,81,1,0
ZP6LO 72,51,106,107,70
LPHVE 65,156,67
3XM7Q 71,9,81,0,74
VGTX8 6,26,90,89,30
42UH8 106,156,61,107
HC62A 59,21,151,20,61,156,132,63
813XE 17,113,154,8,15,112,97,141,6
KHWG2 106,107,109,33
BB5DY 145,72,9,59,115,116,73,154,151
0FJSU 38,12,13,33
3KWFT 114,26,99,153,112,113
NFXPI 12,95,33,97,38
PT0L3 15,16
06OKE 34,106,151,123,128,152,11,9
5311V 94,96,30,152,97
1SLTT 15,17,9,106
T7449 67,98,72,149,61
FW1L0 156,154
ZS66D 9,11,23,106,149,107,152,22,110,20
Z0KN7 107,125,51,154,6,8
ZWVO3 152
KFI7N 97,98,101,126
CO4AU 106,107,153,15,59,123,61,118
1M8EE 131,151,154,132,59
HA02S 98,99,6,8,97
MX4FM 110,11,153,151,154,59
W2NHA 98,149,127,102,132,131,152
TEQU4 15,151,156,65,59,61,16
5E8IN 26,150,53,56
0M2DO 113,97,3,0,2
BCO3C 61,106,156,107,110,119,118,65,67,69,63,120
DBT6E 48,125,20,21,151,22
N7243 81,106,107,113,86,154,59,88,84
NI4JV 51,47,152
4JOAD 20,130,34,38,33,82,22,35
WT59C 98,27,126,115
DY9AE 20,23,67,149,65,153,135,61,156,152
KPXQ0 47,50,153,97,49
G7GVD 52,57,9,152,16,59,11,149
AH32F 107,9,97,12,120
KNIZK 110,59,146,107,106,26
9NV2G 134,106,107,109,72,146
CALKE 148,151,55,152,9,11,33,38,2,12,13
W6TFQ 8,61,62,156,113
AOMNM 1,150,127,114
C1LVJ 76,80,154,77,79,152
JJ47B 18,59,113,15,16
7KAVM 20,21,22,23,97,125,107,106,127
6QW3Y 117,24,97,80,26
ACAK4 33,38,52,123,73,35,51,153,11,70
1WI77 8,141,110,16,15
3Z223 26,32,152,29,149,125
6WWB3 70,20,6,97
A2771 91,47,50,33,38
X7TIA 15,19,156,149,152,61
8VSV6 124,59,154,11,146
L8XSB 34,33
UIHDF 8,152,113,128,112
ZD5YK 15,16,33,36,71,70
IEZFM 104,6,48,52,151,51,11
7XR13 53,54,61,62,63,9,113,8,141
9VBJ5 61,106,156,111,63,107,121
IWMW1 127,118,106,97
WIQ2O 106,107,59,154,152
WDB4S 9,12,28,26
V3LMY 109,107,123,106,110,154,10,111
LTQS9 102,59,154,125
QUGSS 92,65,156,61,152,106,107
SPJVR 70,74,75,126,152
EOA7I 16,124,154,141,8
TC015 102,70,71,81,127
AY5CS 134,132,152
CRJGZ 8,151,9,6,59,154,97,141,81
IBIWF 16,81,20,9,15,86,17
23QFL 51,98,153,151,154,123
J3V1D 59,154,57,106,107
GLIC0 20,21,155,2,1,22,0
K9HPB 15,34,37,35,16,33
M149H 59,130,152,11,61,63,12,62
UISBN 152,125
QAJQC 47,104,49,105,81,6,97,113,112
UO5PM 104,97,35,33
306S9 156,151,154,61,125,62,152
C93HZ 0,59,106,107,109,151,2,154
2X7F6 26,32,156,123
758T4 50,30,26,97
XJFMW 61,9,11,151,118,125,119
7EYIL 143,150,97,23,20,63,61
XPWYQ 28,26,9,15
PAYYN 141,8,52,6,97,154,81
J8781 6,53,56,151,154,148,59,8,54,1,97
AJ5YQ 15,18,156,16,61,67,62,87
EI17N 15,19,152,125
HB8QW 98,151,154,11,1
3OQ81 130,22,63,9,156,20,61
BZ4K7 106,149,11,72,9,59,152
M7BD4 46,47,8,113,116,9,127
ZS9IX 47,9,155,57,97,141,1,8
R1X8P 128,15,16,18,113,152
GZQ0V 15,17,96,93,97
0AMBV 128,129,61,64
UAWXI 15,150,152,97
CSRZM 61,67,156,20,21,65,69
C6LDA 59,96,151,144,97,11,154
MQ4YR 97,20,23,146,154,134,133
LVNAU 51,151,154,59
7FCAW 20,149,155,23,22,1
G54NU 52,36,11,33,51,59,14
EG0IU 78,38,152,105
HXWI9 1,4,84,150,15
RIEG6 154,106,107,59
E1VFZ 153,9,86,42,40
8Z02S 26,0,32,2,97,70,73
65IQ0 59,126
9JIOI 142,143,147,63,61
V9W9C 106,107,146,154,11,110,59,12
GNPSK 91,154,38,59,33,61,156
670G1 8,113,82
IRBPD 106,107,108
1K0GV 106,96,20,24,126,110
3R7NX 93,8,113
U91SO 112,26,32
14JPP 96,155,151,134,135
CYM3V 65,151,156,59,118,61,63,67
NVDEM 59,92,151
PQMTB 20,153,11,33,59
0JB3D 142,33,35,143,107,0,109,2,70,106,73,110
IVXKL 61,156,20
SSVYY 15,33,152
GNUZK 103,106,129
U43FI 110,63,59,11,119,9,127
1IJ7V 9,109,107,118,119
TFQNW 51,150,154,92,135
I34L6 15,152,16
268ET 20,33,21,22,54
SNK5Z 7,61,156,125,62,63
2X7OY 102,127,152
I491F 59,84
L1U23 106,123,154,118,61
PM9HG 8,28,97,156,63,26,141,61,9
Q2KCQ 115,26,118,145
W4BZX 52,61,154,48,151,46,63,47
WEJRX 8,149,152,97
U8I40 33,53
5ECJ4 149,123,118,132,107,152
10ND1 9,61,62,147,119,63
OWXLM 39,1,11,4,14,154,0,16,42
0FVYR 11,106,151,59,113,8,112,141
DEY6U 145,59,11,126,14,10
1PILH 102,95,154,127,98
OK2AF 6,9,132,8,30,97,123
0QMGP 139,47,49,9,97
6ZJAL 61,156,26,31,126,59,151,123,27,32
DVM8I 75,141,6,8,74,113
EAWW4 8,81,54,113,56
KLZN8 59,15,16
P5ANU 108,153,132,118,9
2Z60J 11,84,151,59,154
5X5DT 46,47,51,20,23,59,22
92NRK 33,63,156,59,132,70
D9V53 106,59,107,97,151
M1SRW 15,17,9,16
GOWDG 81,98,99,8,152,127,97,149,141
MPFSX 97,139,76,154,59
1BPX5 33,76,72,78,124
Q8UJ8 106,11,21,151,59
BWHUX 9,15,149,97,16
88TCK 156,63,4,2,9,0,1
9WE7L 98,102,151,154,127
F9YMU 6,11,59,117,51,151,115
4DY90 97,38,127,151
D3EY0 107,118,150,6,8,97
YTV2H 105,109,81,107,106,153,119,118,120
EYP8H 26,30,47,154,97
Q2GBA 26,30,44,97
OEE36 34,42,71,39,40,126,73,70,41
DTJ6B 59,71,97,65,156,151,72,74,67,61,70
3UWW0 61,156,106
Q24OC 9,20,119,120,63,62,61
POXTH 154,149,115,116,152,126,117
XXU6H 97,26,151,154,8,124,149
RTIP8 152,151,84,86,125,88
9XW1K 14,106,154,125
8QTVQ 4,1,0
A1PEO 0,4,20,6,21,8,1,141,2,97,23
2M9YL 65,67,68,8,152,61,156,69,118,141,62,63,120,119
HQ7WC 102,127
SKLEN 81,82,0,1,38,7,33
5LTLL 123,151,119,118,152
PP2FF 92,156,154,135,62,61,20,63
PWO7A 141,20,6,8,97
L9J5I 154,62,135,156,117,61,115
4KWJ4 51,52,59,14
9OVST 0,3,59
CMC93 6,141,148,154,1,2,8,59,151,55,155
891C5 118,121
BV53G 8,2,154,0
LSY08 97,119,118,8,120
RJ8WY 104,1,106,107,110
LTJEO 152,56,148,2,54
3CA1X 61,98,102,156,127
OJ6SX 26,32,123,141,8,59,97,106,107
YIM12 8,40,152,97
WTU0I 59,26,28,30,154,25,27,29,32,11
J2J3Q 153,61,97
IGQJP 59,151,154,132,14,11
34OT4 77,16,107,15,106,11,59
TC96C 15,16,97,59,154
X4DG4 33,154,38,91,34
AGSN7 1,3,21,20,23,0,97,22
0BZAD 27,63,156,125,20,151,61,115,145
I5MMK 135,151,97
MXBFE 33,88
27SS2 134,92,154,107,135,110,109,106
EUV3V 26,107,109
FIA2R 41,9,119,44,118
B5UXP 61,62,63,40,156
4JW8U 141,33,8,81,34
924QD 67,15,61,16,150
Y2TNP 115,151,59,104,145,26,32
41GXC 106,109,9,154,107,143,11,8,61,63,59,110
2ZBL5 11,16,18,59,106,15
LAJ9K 97,70
FGEJI 53,150,107,106
0QES3 55,6,26,9,8,28,116,97,148
3P8NL 59,41,9,11,44
R5O64 20,65,130,67,156,81,61,62
G2NY6 12,33,38
38TA9 53,54,141,8,113,3,1
RRNDQ 59,154,107,121,106,119,151,118
XKJAD 145,120,9,11,116,151,115,118,33,13,35,37,34,12,117
WMPWW 123,26,32,153,151,154,25
GL38X 153,88,97
HMSM8 90,67,61,118
C0GSN 152,88,84
NPM0Z 32,28,26
9KGOL 106,110,62,156,107,61,65
1E7VU 15,118,153,113,119,112,120
EQ36U 16,126,15
BVHA7 137,110,97,152,127,107
R9F8L 9,47,15,151,52,59,14,11
X898O 88,9,82,81
X4YHQ 12,151,154,112,33,82,81,59
T8A9E 72,134,128,129,152
UT8ZM 92,152
509W9 76,78,152,151,59,154
NXC5X 97,33,156,61
9LF40 59,61,3,156
9W681 20,33,6,8,97,141
J18JX 9,26,49,32
52QLH 118,106,8,119,97,6,92
40DSU 106,107,8,97
15OH5 95,33,38
5AFC1 65,69,156,63,67,88,61
T1OQ2 106,109,152
L9ANI 20,35,38,97,130,33,37,13,9
5LE93 107,106,152
Z5THW 34,153,97,33
D9YWY 20,40,130,44,62,61,63,42
3AU5K 106,52,59,110,14,107
6C2DJ 81,119,120,151,118,154,132,123
1UPHI 40,97
0MDYC 0,1,34,37,33
VPI6D 8,79,141,76
4LUQL 137,26,127,115
R5MFX 9,149,59,118,119,14,11,152
FZ6AD 0,1,3,98,99
EHAS4 152,134,33
DHFA6 72,123,40,20,151,76,42
BOC1T 154,125
DICXG 47,88,15,6,97,8,49
3ZC4Y 142,147,143,61,118,64
452FV 81,40,42,9
8LPZ0 122,154,88,43,59,42,40
2S0PU 9,11,14
V4CCY 79,73,149,152,70
0RI7C 136,25,26,32,28,137
B71ZJ 125,41,44,151,40,56,55,109
TD2DR 15,18,59,87,16
21MI8 109,48,14,52,106,9
9OP4S 98,100,88,99,84,154,152,86,125
VXF18 106,61,156,154,123,9,62,151
82R7V 20,152,106,123,110,63,56,107,118
JJZ1X 107,156,61,11
XAW3U 90,92,156,61
0L0KS 15,18,19,154,59
S2A89 6,141,151,97
01O27 6,8,124,96
ZBBOO 106,40,107,26
AF8I2 145,62,156,30,152,117,119,26,61,63,149,125,115,27
GL2JW 106,112,118,110,113,107,6
L3ZRP 47,62,156,63,51,123,59,49,52,61,50
VCYH8 105,107,119,97
CDULZ 20,106,61,97,23,118,22,107,130
GFJ98 97,84,86,40,42,81,88
MK16R 20,130,40,152,62,81,8,61,63,113,120,119
E9UYZ 9,70,107,119,36,33,153,126
0PU21 9,106,107,119,118,84,109
7XMBM 134,61,156,118,151,97
IAEGA 149,152,154,118,105
N1E7A 112,30,26,63,43,40,61,20,113
FLLUJ 89,92,145,153,32,149,123,6,135,26,115,52
SU26P 149,96,152,154,15,16
Q6290 156,132,118,65,61,67
E6ZBZ 16,123,152,15,153,59
J56G6 65,67,91,156,92,95,135,61,38
CH41S 99,152,114,98,127,62,119
Y44TV 115,117,76,79,149,33,152
QO4FV 106,149,107,118,152,109,96
ENOLD 27,132,151,59,9,11,26,30,32
81VSN 97,81
MUQBW 145,152,59,110,11,118,12,115,120,14,16,32,27,9
DJVKE 145,156,61,63,125,115,26
B0XI9 67,106,153,63,156,65,97,107,150,110,113,61
AKU63 97,146,134,135,9,151,133,154
NUKJ0 27,106,25,110,107,32,115,5,117,26
KQDX6 16,106,107,154,8,15,141
EURF2 71,97,135,151,127,70,75,73
FZAEP 137,113,138,127
2RFLZ 9,19,17,15,18
LV4U7 98,8,113,128,141,99
75M1Z 44,26,27,30,32,123,29,41,126,151
V0WK7 20,148,1,149,152,2
PAA7V 106,107,11,44,119,14,9,59,109,118
LBRYS 141,57,126,54,56
N2DZN 1,0,15,155,3
H0L5S 96,35,8,125,151,154,141,33,97
U1DE4 113,155,141,2,1,0,8,92,81,112
OETY6 80,110,106,118,119,59,76,107,9,126
KHAH3 26
H0Q6V 132,122,123,57,53,78,134,54,59,58,77,135
NRGQB 76,58,126,57,97
DG179 124,59,11,152
DGPAW 81,6,88,8,84,141,86,97
YIG5G 106,107,108,151,120,119,118,35,2,33,123,110,97,0,9,109,11,59
NUW9G 20,21,33,34,1,0,22
SH6MU 0,40,106,107,1,33,42,44,71,43
OGX19 16,59,149,152,15
AGGSE 128,151,126,123,154,107,153,109
RAGOI 33,154,0,3,9,123,2,132,88,153
J48N6 20,155,148,22,152,97,81,154
SUG5S 96,97,123,61,139,135,154
DLFPX 20,23,97
OHNUQ 156,61,132,63,118,62
FRGXE 106,135,153,151,41,44,109,107,97
W0J8C 106,156,109,118,64,107,154,8,61,62,97
AWR2R 26,98,100,117,115,97,30,127
8BGE9 61,149,20,152
2B8ML 84,83,152,88,41,44
Z3H4P 62,106,119,63,118,107,110,120,147,109
LE7PM 64,105,9,130,61,62
120YL 120,11,21,156,151,44,61,9,40,119,41,62,59,118,63
3XL0K 112,15,6
IKK13 66,152,63,149,67,61
Y4GHN 147,112,113,115,26,81,63,62
0QAZ7 6,33,82,8,38,97,81
73ZXZ 61,62,112,6,109,130,8,81,107,113
X817Z 66,26,123,154,59,116,62,28,115,97,61,135,118,63,32,67
ATV2F 48,148,151,3,2,135,51,71,49,47,97,52
EXYY8 47,6,96,150,126,97,49
UX0YW 101,106,107,126,149,98,152
E5ZF5 61,123,72,106,110,62,70,73,107,156,71,151,63
0J471 154,150,124,146,149,152
W5ZY8 33,152,70
XJE7I 104,21,23,141,6,8,96,97,20
6HT0J 107,25,27,29,32,109,26,28,30,81,152,59
7R44Z 137,138,153,0,1,2,5,97
C83CH 96,155,9,148,1,0,3
9LRJZ 76,41,149,152,40,26,20
IQA16 130,21,105,9,20,152,63,61,62
3LIGG 98,152,149,100,99,97
DYWLL 59,29,32,149,115,156,152,26
BPZ55 106,107,114,125,127,82,118
YJ1KW 59,51,151,62,11,149,63,97,156,118,135,47,52,61,152
PH5VU 113,84,83,88,27,148,81,112,0,86,28,26,141,1,6,117,116,30,2
ZND9F 61,107,97,118
WF7P3 141,107,8
MX6X6 107,11,59
ZM7BR 97,154
41F2M 28,30,139,96,116,26
NYHD7 15,19,149,11,18,97,152,17
FJYWX 155,9,2,117,0,1,116,115
93HQR 128,16,18,15,107
MNNJS 120,108,121,119,139,110,14,9,107,109,118,111,12
1LBUG 128,153,154,107
8QWE4 88,40,91,62,38,154,33,61,115,42,97,119,118,9
3Q6N1 48,65,156,153,11,59,62,51,9,61,52,14,106
5OV3M 145,123,106,156,115,152,107,29,110,61,59,109
SVIXG 40,41,44,61,62,63,156,59,118,107,125
JIUH7 106,6,8,20,126,107,109,97,141
OIL1V 106,103,63,156,118,154,120,110,107
8SDK5 123,40,149,151,152,59
4ZJXR 122,20,21,156,72,110,62,63,134,61,107,23,123,106
2ADJI 106,107,110,20,130,63,61,109,66,62
PUY34 113,100,154,112,141,98
J1MMG 125,0,70,154,2,4,5,1,20,153,81
9UPC6 107,110,106,118,96
SBBJG 0,1,2,40,4,97,42,44,151
N3U9S 107,154,112,106,110,113,130,118,9,125,6,8,141
99B6U 28,21,24,26,20,23,150,115,116
28BVI 106,119,156,155,1,118,107,63,109,12,62,61
SW8VM 53,76,152,149,70
Y80PJ 142,143,107,63,61,152,6,110,8
DU416 141,20,7,140,97
1W6YY 148,113,2,141,152,0,112
EZRQW 150,15,87,88,97
7IPW7 106,107,118,97
UBCH6 26,32,106,107,115
BI4KK 0,123,106,70,20,107
LLTBQ 16,8,33,152,0,97,15
2FPB3 15,26,28,153,16,20
FC2SK 97,146,154,145,11,151,122,20,8,130,117,115,116,123,72,6,71,12,14,134,59,141,133
MBAA5 40,42,113,6,8,81,97,28,152,141,112
2PZBY 151,8,125,63,97,113,141,114,61
21WN7 123,100,127,96,118,62,154,119,98,9,61,102,59,156
J59UP 137,60,154,59,127
N0ODO 128,141,97,6,8
WBJC3 106,109,63,61
RX7TC 15,156,11,9,16,63,154,61,87,62,59
LLT3E 97,153,154
43CCM 97,8,0,155,2,1,141
U502L 15,34,154,146,97,35,33,16
Q85TS 2,20,23,153,154,97,0,21
QD1U7 68,11,151,106,67,9,59,97,107,62
H43VE 33,36,38,151,127,126
ZYJJF 1,106,9,154,2,118,107,4,92
K9RH2 34,37,11,9,33,12,14,4,59,71,35
YQOCU 63,112,113,151,59,61,20,23,153,130
DPB7X 11,92,156,128,59,107,63,61
14XKK 3,36,70,156,33,1,2,73,74,65,126,35,61
IPRMO 76,78,141,152,72,149,154,124,134
W97NR 106,9,122,123,133,146,110,109,107,134,135
XK0QV 106,132,107,59,97,151,123
N2WXN 35,146,154,134,133,70,127,135,37,33
QFL2O 59,152,149,18,15
FLBS9 33,21,151,59,1,35,152,0,154,16,2,149
ULD0T 20,115,26,97
ONVGA 61,67,156,115,154
EF7Q9 107,110,139,96,97,109,111
OK6BF 98,99,102,90,127
NHH8N 123,84,88,154,26,135,30,115,117,59,32,83,151
OTUV7 58,156,15,9,61,59,56,155,20,126,154,62,17,63,57,11
O76GM 40,43,112,113,9,63,118,62,120,6,8,61,119,147,141
FB3ZG 107,110,154,15,97
JS3TB 65,67,118,156,97,61,149,152
7SNIO 150,26,27,32,151,125,30
TQYV1 26,70,76,153,97
JZULS 151,120,110,107,59,154
2B577 9,61,63,147,62,156,119,120,118
S2S7I 130,9,20,22
ARWNX 40,61,67,97,43,45,42
YYLKT 126,65,70,154,72,156,155,71,67,61
DX845 49,47,97
358JF 106,156,51,151,11,9,59,154,110,61,107,109
8J5YF 151,145,10,115,32,26
DOYQE 147,106,107,110,84,88,83
VXOE4 60,154,49,59,51,52,50,47,151
DCRI5 81,141,153,113,6,3,1,0,8,112
5TM3H 20,123,61,59
IDXM0 54,26,41,82,30,32,27,81
FKK5R 106,104,59,154,107,122,146,133,134
PXY5Q 9,113,112,106,88,109,107,118,83,110
3588V 20,152
0OP1K 96,106,107,141
XK92L 107,119,109,120,113,118
XOOPP 84,86,88,60,154
X95D0 122,106,146,9,123
D1XNV 152,121,88,118,120
AHBE8 53,54,152,1,43,42,127,40,41,39,9,149,56
AV58B 107,59,118,106
PN1F2 106,107,76,156,79,110,97,78
FXGQI 93,96,153,59
P0CET 0,148,2,96,114,97,1
F66WG 15,53,156,54,141,126,8,61,97
9YWJ6 97,8,65,20,156,141,67,61
N0ZPI 106,126,34,36,107,33,35,74,70
G3UF4 106,32,118,115,26,107,27
MVX03 140,57,154,56,7,125,151
NTA1U 59,26,11,43,40
O8T6G 21,149,59,152,63,20
3R4DD 151,59,2,4,33,37,35,127,75
K247M 141,47,8,51,52
PRH15 130,20,81,21,152,61,62,63
17P5V 46,47,49,120,11,97
I3GIA 137,154,72,127,59
6TC5G 105,1,2,4,0,71,70,126,114,77,152,74,97,81
BL7OF 53,58,92,126
T8VDU 132,106,110,59,11,118,107,123,152,151
8O07M 8,141,113
8TZSC 96,144,98,152,59,148
9M48H 9,153,15,17,92
LSH63 22,97,20
9CCFC 32,149,11,59,115,63,29,152,26,156
1VIQC 11,106,153,59,107,110,149,51
QY2ZD 59,52,153,51,47
999BP 21,20,9,23,63,156,22,61,62
1QP1S 156,146,149,65,134,85,152,135,67,61,133,88
5CN21 26,32,76
3I6XT 76,156,61,59,65,67,123
PPY0W 97,20,22
FJM09 106,107,115,32,118,26
YLEEO 67,141,26,6,61
0TDOP 11,59,42,151,156,61,62,97,9,40,118
44PFW 141,61,156,8,97,6,118
PTAZ9 112,65,145,156,20,11,113,67,154,59,61,141,69,8,14,63,152,149,23
KF08J 70,72,128,153,63,112,113
XMI29 63,156,151,135,62,118,97,40,61
TAQ25 11,46,151,59,152,51
9U82D 106,15,148,1,107,18,16,0,152
RJZ3I 98,102,149,150,127,152,97,101
65UVU 81,40,8,97,42,43
BRBWJ 81,155,3,154,1,152
6KGZA 26,148,0,1,3,30,117,2
LQC89 33,65,67,156,125,9,106,109,69,53,110,63,107,61
BI6Y4 107,147,151,11,154,59,16,118,106
1CYLM 106,154,123,107,59
JZ45I 32,151,135,9,27,29,41,149,154,39,115,25,123,152,26
CD9GP 9,154,15,148,135,1,0,2
HOYUT 33,8,34,113,112,38,35,6,141,0,36
W4WQ0 15,16,62,156,61
X07QW 72,155,151,123,9,1,73,0,2,70
NP0YG 132,26,126,31
O1S9I 33,15,37,97,2,38
41T8C 81,153,25,27,26,51,46,49,28,116,115
U4J2Q 61,118,156,119,63,62,120
1KC11 47,151,154,9,123,51,132,11
27KAK 65,96,156,61,8,141,97
ODD3K 123,151,156,20,59,152,149,154,61
M6ERH 63,156,151,154,62,9,11,61,59
SJJLG 59,112,113,151,11,51,82
FORXE 23,150,20,126,82,97,31,26,115
RKJ0C 11,149,151,59,156,6,152,61,10,118,141,63
31LW5 78,134,76,97
SCFIN 38,8,143
1TZK5 62,145,156,63,61,26
XTYDU 51,33,38,152,149
DLOS7 103,47,151,6,51,38,50,59,33,154,97,48
55NRK 15,32,153,59,25,26,18
ZJRCS 15,90,106,118,16,89,152,149,107
VF49P 80,106,3,36,97,110
G5EAN 97,154,125
150E6 72,32,98,154,97,127,100,59,26,115
QCPXJ 106,107,59,151
BFCU9 106,156,9,59,81,11,62,61,63
0FM93 20,6,97,141,40
PF7HH 15,18,113,17,81
21F9H 151,135,30,129,97,156,77,63,107,106,154,76
OVD84 104,74,146,154,134,8,71,135,72,97,133
0M0T4 15,16,1,155,2,9,97,104
AKO6M 20,23,107,109,112,113,154,111,8,6
V1BX9 156,28,61,15,17,116,118,152
610PZ 106,107,152,61,118
QYPLI 123,155,151,2,1,97,75,77,76,3
EEGGA 132,71,9,151,156,63,59,11,70,33,61
M847G 84,88,70,153,59,47,38,37
7AB3X 94,106,134,154,146,133,63,96,107
GYFM4 82,153,97,114
Z9RED 96,97,153,115
8LLI3 81,15,6,112,16,61,97,87,8,62,63
0DD62 84,85,88,83,152,149
OGLCO 47,52,156,125,61,63,62,51
QVD5B 20,153,71,154,1,77,126,70,78,22
4J1AP 156,61,11,110,107,63,59,106,72
DM2XL 26,76,115,154,141,6,97,8
LA266 156,153,59,11,139,96
CYCEV 20,153,144,118,92,61,97,40,106,107,109,62
JQAO5 116,26,28,115,97
CPRBC 132,156,65,125,61
Q7TXX 107,149,152,118,97
AMT7R 84,86,152,97,83,85,88
KTDG0 137,138,6,127,97,112
ZC59Y 32,151,120,118,27,26,125
K4Q7F 26,88,152,97,32,149
FFYL6 99,40,43,153,152,98
A7KHN 15,106,107,118,9,17
MWX5K 96,148,0,2,1,125,154
QYM5H 87,15,34,149,74,16,126,152,36,3
B47TS 154,9,139,11,14,12,59
V6H2O 106,107,6,8,16,141,150,97,118,15
5SBEY 24,107,151,106,97,135,1,22,59,110,9
C4QKE 70,76,152,149,97,20
5INX3 11,59,34,51,154,148,33,0,35,52,2
JCT0K 20,6,8,141,152,113,112
VU760 132,77,123,154,151,80
U7AAB 12,119,109,152,120
USNON 6,141,154,149,152
ECVER 52,151,11,59,14
XUUP0 47,154,88,52,51
9CL96 41,152,44,92,40
6C0BK 37,16,152,34,18,15
L29HE 125,100,136,154,98,137
Y1HGC 59,106,107,97,151,152,118
QWKVM 6,151,14,8,109,82,9,116,12,153,149,97,81,135,141,152,59
BPT87 34,35,99,100,0,154,152,149,33,150,98
GKBSR 15,19,97,152,8,149,141
FXZI5 33,34,148,122,70,149,152,35
2NXFV 61,76,122,151,20,63,78,156,21,149,62,154,59,123,152
E6RD3 98,149,154,100,97,11,99,144,8,152,59,113
PZNVV 22,12,23,14,20,116
5DFKT 106,107,98,118,61,63,62,97,9
JMPKP 53,154,54,59,58,151,8,141,81,113,6,112,152
KJRR9 141,104,139,97,8,96
2OREK 92,118,152
AOAY0 106,123,88,109,26,118,11,84,9,107,33,119
VXJS4 15,16,152,141,8,97
HH1R7 113,153,120,112,63,62,118,61,81
HG7C2 98,155,152,1,100,0
BM3UJ 107,8,151,120,6,118,141,52,119,9,109,97,59
F2T43 15,152,149,154,16,123
RQRRD 0,3,148,1,2,155,39,41,44,97,150
3MSZA 105,104,156,61,152
J7BOV 15,17,106,119,109,107,9,118,120,154,110
8D6PU 47,107,97
1F4JZ 129,96,61,94,106
RGTLB 51,152,149,59,14,11,52
0IKE9 132,59,107,109,106,110
GN0M8 97,100,38,88,98,83,33
MLHCK 106,93,96,150,33,110,38,107
8W829 67,68,20,97,81,82,23
LXLW4 106,107,59,132,109,123,110
HQ8ZM 97,15,17,9,16
9EEGQ 81,119,6,8,7,118
JOHZ0 106,9,107,110,109,118,119,120
318CP 65,106,107,21,156,134,61,62,20,68,69,63,67,22,23
HS14N 112,150,6,120,8,118,113
0HR01 70,8,113,141
FR5FD 106,11,154,118,107,92,59
6V20P 81,107,110,82,97,114
1TIAK 115,151,81,154,59,117,145,97
4H64T 142,143,132,156,62,61,97,120,63
OMFVL 141,40,152,140,43
VAV4C 97,106,65,67,156,118,61,107,154
NBMH9 6,8,151,59,97
HSKVH 6,8,141,130,81,105,128,62,113,109,112
PDH7G 96,20,9,144,22,97
NEA53 15,16,20,97,63,61,152
YT2C3 33,38,8,17,9,35,81,15,18,141,113
K6W5I 22,9,130,21,20,97,62,113,8,81
P0NLV 11,145,27,26,14,59,32
7B6FP 26,32,8,154,125,141,97,25,27
TCOXG 106,110,151,11,81,107,123,28,132,26,59
8CCEV 46,52,76,154,125,50,132,80,78,127,9,47,77,49
0RNG6 84,83,151,38,97,88,125,33
DHDCF 106,105,152,107,97
I52A6 106,107,109,8,97
01THT 118,9,11,120,119
VXEXI 26,153,154,32,107,152,11,149,145,25,123,59,110,118,119,115
3HRNV 20,107,149,152,154
3OZUX 95,118,33,38,35,156,37,96,61
7DEBA 20,153
LFDQF 88,106,129,152
2Q6SZ 118,119,156,61,120
PXVRF 15,16,152,17
W8XQ9 1,2,4,154,9,37,12,0
HAPCT 57,149,126,125,131,132,53,152,58
VRXQX 106,148,0,118,152,120,1,109,107,110
MJYTA 119,120,62,63,110,118,109,9
4A28I 154,20,152,149,21
NAZ52 40,42,149,154,39,41,81,29,84,85,125,44,97,152,135
0G50G 81,20,61,62,130,114,82
LTY2P 106,107,70,0,33,72,152
B6XQZ 149,51,152
F1LTO 112,113,8,131,141,6
LSKA2 67,69,61,97,63
