DKF0T 141,61,6,118,156,65,119,68,67,8,62
6U5TEEGO 73,95,70,0,2,35,154,123
IFJ8T 35,11,52,14,151,73,70,72,123,154,59
8Y665 148,21,2,4,0,114,1,97,23,20,22
7X1G0 129,110,107,106,9,153
0UIBU 63,53,118,61
BXD6B 109,9,107,110,104,70,72,118
IUGA9EGO 65,68,119,118,156,63,67
HOA83EGO 88,20,86,1,84,123,21,83
DWY4UEGO 15,16,152,87,154
T14UQEGO 70,9,116,71,74,117,126,127,138,115,12,73,137,87,77
1A6R5EGO 52,106,135,107,154
LM7A0 97,20,153,23,130
0K09ZEGO 97,106,59,27,113,149,81,32,30,26,29
AUMRR 115,27,32,154,25,59,81,116,145,153,28,26,135,151
3QS9N 106,149,61,118,152,68,67
4IL5ZEGO 20,150,152,22,23,21,97
R2AAAEGO 78,154,98,149,11,76,100,59
AHUGY 152,114,154,96,94,125,151
GCQDHEGO 151,50,47,48,49,153,123
3HWHVEGO 152,149,132,63,156,61,131
MYKZOEGO 86,88,15,84,149,16,123,83,85,9,152,151
6WEAJ 97,126,156,76,80,152,118,61,125
ZI9GH 143,62,154,63,119,118,147,61,142,120
8Y29AEGO 97,2,4,107,121,0,118
L6UU8 23,73,154,0,127,2,155,35,8,97,34,81
0DT0E 149,63,64,142,143
XHKJ8EGO 34,153,22,20,21,61,9,130,62,23,70,33,63,154,65,144
UERTR 82,88,84,154,92,135,83
5NTGBEGO 146,124,18,59,132,87,151,15,16,135,123,154
HI8X6EGO 138,1,8,141,0,137,2,6,113,152,97,155
N8WUJEGO 118,119,12,110,106,59,120,154,9,11,107,151,121
X13AGEGO 152,34,37,48,153,127,33,52,9,46,35
4QEYQEGO 8,155,2,0,154,96
STMTUEGO 118,12,40,81,119,154,41,120,127,43,113,42
V7HMHEGO 4,8,127,0,3,2,1,154,74,141,126
6GEOPEGO 151,118,126,119,120,149,9,141,109,97,8,107
TDSF1EGO 79,59,107,76,109,106,9,77,11,16,15
MMW4JEGO 9,8,113,109
72C4GEGO 156,154,77,100,61,63,151,76
JIPZ9 108,107,110,9,11,106,59,109
ZB9SN 16,110,106,109,17,87,94,152,15,96
N7TGU 97,9,151,8,59,6,141,154,81,123
X3JEREGO 98,9,97,152,150,11,148,149,0,113,153,141,1,2,8,5,154
PBMCREGO 53,15,96,58,97,54
ZPULLEGO 12,9,154,127,151,33,153,34,35,38,13,88,114
GVTQV 113,35,79,20,97,34,3,4,114,98,21,1,105,71,100
XV6DG 44,64,154,4,21,45,23,1,151,63,71,61,39,62,40,125,20,70,126,156
BSWKFEGO 141,61,132,107,97,123,120,118,151,59,6,8
ITOXLEGO 6,8,97,15,141,16
R0ULS 35,13,109,33,38,107,34,12,9
NC7M0 125,141,8,97,6,154
KGDH0EGO 59,63,106,69,67,11,110,61,107
BBWIYEGO 62,143,8,118,63,20
0YOK7EGO 8,97,59,151,55
WYY8F 0,3,134,1,63,61
OJMKM 125,47,109,108,128,52,106,110,151
UG3MI 65,128,154,62,97,156,61
OF2E2 155,70,1,40,8,43,107,106,81,34,71,41,118,110
P90SO 61,81,21,113,20,62,63,82,107
Z0SBUEGO 151,154,59,9,56,57,28,32,26,107,106,27
VXW6H 42,40,107,106,110,45,28,156,154,81
ICXAX 97,149,127,152,98,102,8
O97DUEGO 153,149,61,156,152,67,92,65
XPV0AEGO 96,106,155,148,112,110,0,107,113,109,97,1,2
FBYEXEGO 52,151,48,134,97,51,49,47,46,152
T0IKGEGO 26,96
6E7UWEGO 156,118,34,33,61,97,1,26,120,32,63,70,106,72
OUBQ2EGO 52,9,146,11,14,59,47,15
7FSMKEGO 154,65,156,106,77,76,119,9,61,110,109,63,97,79,81,118,120,116
9YRC9EGO 106,59,108,132,107,9,118,61
CP4EKEGO 34,132,38,81,154,9,33,109,107,111
BRDDDEGO 97,106,15,113,8
VALLH 11,120,107,110,59
QRAWCEGO 55,8,97,148,15,16,54,122,154,146
XPFQTEGO 154,97,57,28,9,26,53,153
NGWSX 32,9,132,30,59,151,11
GWYWPEGO 106,110,112,6,81,156,113,8,141
U7GRX 112,65,156,118,33,81,113,120,61,119
TW2LD 63,59,156,21,11,20,154,61,23,106,9,151
V1TUFEGO 51,52,62,61,63,59,118,147
VALLHEGO 11,120,107,110,59
1NSNY 153,15,87,16,62,123,11,154,118,61,156
S20YKEGO 75,96,93,73,70,33,154
ALDGSEGO 6,2,97,33,8,141,154,0
4E0SV 97,128,58,15
GFBQN 15,28,2,25,32,144,26,1,27,18,0,148,9
ZF80G 109,19,61,63,156,106,110,15,59,62,92,107
A7701EGO 120,9,119,118,10,51,11,61,63
E65DIEGO 77,32,26,135,151,27,30,75
PLK1SEGO 129,40,127,155,154,1,0,151
DYGSHEGO 98,9,127,102
40MUIEGO 20,102,127,98,151,23
HR2OX 107,106,110,5,2,109,0,1,141,6
5NMGBEGO 54,107,109,123,153,126,59,156,57,9,11,108,106,110,151
5I04EEGO 88,83,153,29,87,84,59,151,86,135
YY2LQEGO 97,123,3,71,36,74,126,154
1CBD6EGO 70,79,151,135,78,122,76,72,71,77
Y2DCH 134,141,152,154,77,124
5D6R4EGO 54,53,107,58,152
TNW7R 109,154,113,112,59,106,107,35,38,118,119,11,34,9,127,110,126,33,36
UT2F7 154,54,55,141,8,97,152,6,135,151
GWYWP 106,110,112,6,81,156,113,8,141
C7G1EEGO 73,39,71,123,127,44,41,70
CP4EK 34,132,38,81,154,9,33,109,107,111
UBZH5EGO 107,16,15,106,18,19,149,156,152
A8TBKEGO 155,75,73,71,34,1,81,8,4,128,113,3,70,112
8GD5VEGO 96,40,94,152
A8PM6EGO 89,57,60,151,121,92,118,90,154
VM4LY 107,97,130,109,110,106,22,20,67
RMTRR 113,43,141,152,6,44,8,149,112,40
ZWEZZ 61,106,9,152,59,110,11,109,154,118,151,67,122,65,156,107
HGYG6 156,65,11,154,40,59,151
VM3YFEGO 26,116,59,28,151,81,82,9,32
N4N72EGO 107,152,110,11,149,59,106,23,20
6VJJM 125,39,96,97,43,41,126,53,148,40,42,151
FN3RB 71,70,97,106,1,107
TWY3Z 15,122,152,87,107,106
4NF9V 61,53,118,0,156,97,55
8J42D 151,135,76,52,51,107,106
342D8EGO 156,149,61,67,59,132
4KHIWEGO 98,63,62,61,126,100,156,65
CP8V1EGO 52,59,153,47,110,107,106,51
1ZNRZEGO 106,115,59,152,145,151
E5TJR 103,106,110,107,154,60,20,97
FBSB0 155,152,149,59,151,0,154,97
GCCQE 148,8,0,97,33,139,2
JFH9YEGO 50,49,9,47,154,52,61,97,62
RC5UT 127,73,33,126,40,154,34,42,96,45,71
KVNUFEGO 149,106,75,4,107
7TKANEGO 33,21,156,6,61,152,63,97,8,20,141
3STWVEGO 153,26,113,115
U7GRXEGO 65,156,118,33,81,113,120,61,119,112
5WDTW 63,15,61,118,156
WKM7CEGO 67,153,135,118,119,9,106,69,68,156,62,61,149,123,107,65
QMXJN 149,102,152,127,113,153,141,98,8
U3XHDEGO 110,77,141,106,107,76,9,97,109,81,120,78
QBKU9EGO 96,61,76,70,94,156,0
GD48SEGO 101,98,46,99,126
POJIAEGO 61,127,65,99,156,126,68,119,100,62,118,102,67,98
UG3MIEGO 65,128,154,97,61,156
UT3A6 149,28,26,115,30,32
61EI0 11,15,63,87,61,19,156,59,16
3RDEO 87,60,15,82,152,124
TZSJG 27,117,106,32,107,26,109
NP1BP 83,76,78,59
CF6EWEGO 107,118,106,63,97,119,154,120
YAETV 135,25,116,154,124,146,32,28,97
25RVD 2,117,73,0,30,26,97
QT8VP 106,97,107,109,57,110,126,61,58,154
QIDB9 34,109,70,9,72,74,71,76,107,79,78,123,33,106
WFZIREGO 106,151,77,109,59,120,154,118
JH342 154,6,112,56,53,8,141
1YWWXEGO 96,23,150,20,152,1,21,0
8ZZ12 77,113,81,3,6,112,79,155,76,1
4F3SW 67,69,156,59,65,68,110,106,72,11,107,109
IM4RR 67,61,126,156
4ZA6ZEGO 125,156,61,106,65,132,152,123,149,11,109
RQ3QC 106,153,97,6,118,105,112,107
VWKFSEGO 63,62,61
AYG8W 134,151,106,97,109,16,18,15,41,43,107,44
BOVMLEGO 116,141,114,8,117,97
6ZVSFEGO 88,81,152,85,84,86,11,30,28,113,112
KB6Q5 135,156,26,123,118,61,106,63,32
1NJEZEGO 22,98,21,102,9,20
VKBL4 134,20,62,21,61,135,156,77
X0B9GEGO 62,63,109,8,98,97
O56B5EGO 109,81,107,156,110,106,11,154,103,104,63,151,61,62,59
DOYDA 1,4,97,107,0,106,151,59
51KKX 67,19,9,15
4PTE9EGO 156,11,106,67,119,61,59,118,9
3SQ6YEGO 106,118,61,59,154,151
V6HY6EGO 79,151,154,123,132,77,76,152,135,78
DK2UM 81,0,37,127,33,36,34,12
JSP02 63,70,156,72,123,59,118
QEQH6EGO 109,153,120,118,92,119,81,62,61
GSD40 65,149,16,15,61,156,18,1,109,107,152,106
9NSWA 50,107,46,125,81,109,49,152,115,54,110,114,56,116,154,47,117,82,53
4ZA6Z 125,156,61,106,65,132,152,123,149,11,109
N9V02EGO 152,141,94,151,8,97,96,154,59,11
02BWAEGO 61,26,32,65,10,156,9,27,67,123,63,81
MWWJZ 54,125,53,151,154,11,55,152,63,59,156,149
TN0B8EGO 97,62,118,99,98,100,127,63,102
VG5GHEGO 0,2,146,113,154,8,80,6,76,78,134
YNXOHEGO 132,6,97,144,153,141
WG0E3 59,132,153
HJ9DCEGO 98,26,100,153,97,115
LZMXH 128,153,63
HGCQ6EGO 21,109,110,53,106,56,107,22,23,154,54,20,81
6AI0LEGO 96,152,15,87,16,8
XEB57 129,151,72,70,128
8P6Z7EGO 63,87,40,15,16,18,43
YK8A1EGO 67,24,21,69,61,63,62,68
JFH9Y 50,49,9,47,154,52,61,97,62
3EK7XEGO 7,62,63,156
NQ1MHEGO 10,49,76,97,78,79,81,52,154,152,46,14,59,47,51,127
N32ZS 78,152,76,59
JF68PEGO 113,112,92,81,121,62,90
RMZ6BEGO 61,156,65,154,67,63,69
94663 130,156,65,62,81,8,66,20,9
V47X3 15,118,12,18,9,120,16
7TWDWEGO 9,91,116,82,2,4,26,30,28
1UYFBEGO 130,62,9,147,21,61
17XGZEGO 98,110,152,109,106,107,149,9,102,127
6B5P3EGO 146,154,78,70,73,8,113,150,72,134
F37VLEGO 61,106,110,109,129,107,156,151,119,59,118
5WDTWEGO 63,15,61,118,156
WJ8KHEGO 34,0,97,110,106,154,148,35,33,144,38,2
818WFEGO 154,98,102,127
V1DL1 137,138,141,136,97,8,6
RF1H5 67,106,61,65,59,156,107
DXLEG 81,107,109,110,106,96,9
MVLVF 15,150,11,59,18,16,97
L4N5FEGO 92,69,67,106,68,107,61,65,156
AFKBXEGO 125,55,97,156,65,154,151,150,54
R4ZSB 11,128,109,154,9,113,106,108,129,110
T99XK 70,8,6,141,73,154,152,75
P4NCE 81,62,11,61,66,64
2S5ZFEGO 61,33,65,156,67,69,73,152,70
DCLY9 154,97,26,30,73,70,123
9I3ZI 118,109,151,127,92,97,110,125,154,119
T6531 109,9,108,16,119,15,110,18,17
HGYG6EGO 156,65,11,154,40,59,151
K84X8EGO 8,26,32,97,154,88,9,86,84,30
XB1CD 59,109,106,107,108,118,11,9,110,151
1PHMF 2,34,76,152,1,5,74,35,33,150,70,0,154,71,77
Q75B7EGO 26,115,116,6,117,0,8,97,154
3GJYEEGO 153,107,84,110,154,59,86
XG1PZ 35,11,33,59,2,55,154,0,73,74,9,70,56
9L8E5EGO 130,8,61,63,97,118
KXE4V 59,146,9,11,154,76,151
ZPIRAEGO 61,71,151,134,74,69,118,149,135
5YIFO 58,96,97,27,25,26,105,126
L1KJHEGO 26,152,153,96
AX75K 116,156,154,135,32,26,106,63
7AEL1EGO 154,106,73,118,72,107,61,97
BWNZ1EGO 35,57,126,70,112,58,113,33,152,34,73,53,81,8,2,56
MOH8MEGO 152,154,149,16,59,15
WRNVQEGO 90,152,53
HSD7TEGO 106,76,98,135,107
GZT6B 152,127,106,107,149
GX9RI 8,152,141,127,97,107,106
O5SB2EGO 55,56,59,53,11,154,146
4O921 137,99,154,107,106,98,138
NSM76EGO 99,126,101,46,98
2AR8T 44,80,79,76,154
S0DYY 9,107,109,106
Q808NEGO 76,97,154,4,125,30,1,79,32,0,114,28,2,27,80,26,25,148,151,117,124
2BF1Q 11,33,107,109,120,119,9,118,59,35,110,106
JPDKTEGO 146,141,97,130
7WNK1 63,21,59,154,61,156
1NJEZ 22,98,21,102,9,20
W4BNA 32,26,28,25,81
JYIIREGO 0,149,3,155,152,148,1,92
C1J44 38,34,154,6,35,15,33,153
3WX50 118,60,154,10,9,106,119,11,107,109,59,120,121
W3AQ7EGO 0,1,3,114,70,2,4,36,71,35,33,82
NF7BUEGO 59,141,106,140,7,67,65,68,6,8,69,127,109,110,107
SG18Z 65,67,106,107,156,61,141,110,120,118,113,119,109,63,62
91AT4EGO 135,33,38,154,93,95,153,37
ZZROG 97,63,59,156,61,154,11,120,62,14,106,107
7QCK5EGO 59,11,34,38,151,57,36,58,154,33,127
3GJYE 153,107,84,110,154,59,86
KH6U0EGO 15,63,156,152,17,9,16
WCDTKEGO 127,119,118,106,61
MIOMR 97,152,154,106,59,156,107,123,151,88
7R3QKEGO 109,153,118,110,112,49,9,47,141,50,113,107,51
63NKE 8,151,6,110,107,97,135,106,123,59,152
VB77E 59,97,151,150,154
S04HUEGO 26,32,147
ZHARH 9,59,51,11,154,48,47,52,46
HVZVJ 40,99,81,63,130,98,43,62,154,42,113,8,61
FMIVQ 34,117,119,110,33,109,107,106
73XRI 154,124,97,2,148,0,146
DSD2REGO 156,40,135,43,61,41,39
BLF7I 109,119,118,110,108,107
MIOMREGO 97,152,154,106,59,156,107,123,151,88
IEPP0 156,107,106,109
VSHQO 51,156,65,67,52,59,47,61
JZDRW 6,70,112,33,82,113,81,35,8,75
8DSQ2 151,120,156,63,23,154,81,61,16,17,15
V0A5IEGO 151,20,59,130,154,9,123,63,21,62
OW90Q 65,32,156,27,69,67,30,123,26,68
06084EGO 123,115,117,145,59,152
3QKQ9 34,154,6,4,140,127,1
2WBJSEGO 9,53,11,59,54,151,14
U0WLUEGO 81,106,127,113,156,154,109,61,107
XZU3WEGO 106,149,88,110,107
HYFV0 97,100,141,154,140,127,7,102
4YC8S 52,48,59,151,50,11,20,148,47,115
7FTXG 130,142,106,107,110,22,143,21
SLM8C 34,36,3,33,35,2,1,0
VSHQOEGO 51,156,65,67,52,59,47,61
EIV81 0,1,152,24,151,154,135
ALDGS 6,2,97,33,8,141,154,0
C7SO4EGO 131,73,72,152,132,154,149,70
2XRJX 33,74,152,149,73,94,36,0,1
PDIX2EGO 126,15,156,63,120,17,117,26,62,32,116,16,67,59,69,28,7,118,115,135,65,61,140,18,141,30
L1MRZEGO 81,49,9,50,18,154,15,46,117,47,115
FLTZM 141,134,8,110,73,143,79,78,107,97,142,76,77,6,106
6I8K5EGO 35,112,152,6,33,113,73,70
H3YMO 106,109,9,151,3,78,155,148,134,0,1,135
TWY3ZEGO 107,16,15,122,152,87,106
F5677 107,52,3,12,47,1,2,110,106,0,120,59,51,46
HPMSW 47,134,80,48,59,135,151,146,133,154,50,126,79
DFQ4G 104,103,11,106,60,107,127,59,151
IZ0P7EGO 106,153,52,128,129,59,11,110
K8Q3I 110,123,108,109,118,151,120,107,119,122,57
JJ8KU 152,149,154,59,11,146,97
NM12R 9,6,97,109,107,154,141,119
8DU78 152,149,150,97,141,6,8
CHL0G 154,11,9,61,62,64,156,59,63,106,151,120,107
XXR93 106,69,67,107,125,156,65,110,63,59,61,109,9,68,11
BH33KEGO 1,8,155,97,132,3,0,6
4EE1L 152,67,110,59,106,65,109,61,118,107,149,11,156
D3HDOEGO 112,20,6,150,144,22,141,113,8,23
EAWFW 151,0,127,148,43
3RL8O 16,17,15,123,18,152,78
B2BQSEGO 21,22,151,11,141,8,97,134,9,23,6,59,152
RLJ63 59,26,32,30,27,151,25
UAH1IEGO 151,96,149,85,154,59,152
QGX6U 62,48,50,46,107,108,154,61,156,63,106,11,59,21,49,151,123
TEVYO 97,40,152,59,44,31,41,39,26,125,45,149
F04Y3EGO 97,113,121,8,33,93,118,112,38
UYF5FEGO 156,97,96,76,8,78,154
Y18W5 3,2,126,0,97,110,107
A8DT3 61,97,96,93,62,67,9
LVNT8EGO 92,87,15,16,97,17,6,18,9
HZWMLEGO 154,107,109,110,123,111,10,106
ODZ1REGO 76,152,59,153,115,135,123,47
TAPSH 16,151,132,59,87,33,154,18
C7G1E 73,39,71,123,127,44,41,70
1XKI0EGO 57,151,56,1,3,130,152,155,6,149
B4LHJ 50,151,48,47,154,135,81,113,46,51,49
VR6JC 150,107,9,0,2,113,97,110,96,112,108,126,154,10,8,14,1
L1M54 56,145,115,59,154,26,53
HULUNEGO 12,55,148,38,13,11,33,151,152,9
OGA73 97,141,105,154,8,104
FN3RBEGO 71,70,97,106,1,107
VM1KB 3,126,70,154,72
SJM9QEGO 94,149,11,152,151,144,59,96
QG901 134,155,72,97,70,1,151
4WQPU 59,106,119,9,120,15,109,16,11,118,107
GT8L6 110,63,135,51,107,156,14,11,52,152,106
LM7A0EGO 97,20,153,23,130
PI4HZ 123,151,107,62,59,61,63,154,109,9,110,106
2A831 118,107,106,113,110,120,119,81,6,112
O96U1 110,23,106,20,9,22,107
K85WZEGO 148,97,107,110
0YOD9EGO 98,70,150,152,149,59,34,38
R0112EGO 113,8,128,6,112,97,154,129,141,96
AL3DH 151,112,50,125,113,154,14,59,152,47,11,49,52
IFO5IEGO 107,112,113,154,119,118,120,59,110,151
XLMHN 93,152,16,96
0LY87 111,152,38,138,35,33
C5WREEGO 12,13,119,97,109,35,33,38
R1EXD 62,147,63,154
RK83ZEGO 156,154,63,106,110,145,97,74,109,70,107
UG1BZEGO 11,152,118,84,85,88,156,149,61,119
RDJV0 35,118,127,34,37,33,152,97,119
ID8OGEGO 8,6,16,141,113,112,15
VF0HD 69,96,155,63,21,1,9,68
HJK9AEGO 62,156,119,120,113,118,61,112
V5IL7 135,146,16,134,133,6,154,15,97,72
83X1AEGO 59,156,75,67,70,62,107,73,63,61,71,68,65
E5I56EGO 61,9,156,63,154,15,17,152,62,65
TCXXHEGO 150,40,97,127,42
VDWWUEGO 106,151,77,139,76,38,118,79,127,107,110
DYGOG 16,135,152,106,107,151,15
2JUB2EGO 61,59,62,156,11,149,16,9,15
FQFZJEGO 61,125,135,47,63,46,52,154,156,59,69,23
WERPE 34,150,112,113,35,139,81,36,33,38,97
TNW7REGO 109,154,113,112,59,106,107,35,126,38,36,118,119,11,34,9,127,110,33
VC8CN 125,154,137,59,151,136,20
J49OM 107,118,35,111,9,33,34,36,110
RQ5ZU 156,66,113,83,112,120,119,88,151,154,63,61,84,86,93,81,65
ZILCI 130,23,20,22,97,8,6
D65QREGO 1,113,97,112,2,0
QVDXQ 43,40,6,141,42,154,8
PYNAUEGO 131,152,51,132,59,149
1H94N 135,110,106,107,109,108,61
5D6R4 54,53,107,56,58,152
1XIVEEGO 98,147,99,97,118
WQ9HA 107,106,15,16,72,123,110
OTT7N 106,118,8,107,143,38
J86K1 21,6,20,33,35,141,9,97,59,65,151,67,156,26,61,32,22
D5EWZEGO 3,155,8,97,2,6,152
5S0M1EGO 110,107,109,106,20,154,123
OJCWC 1,2,105,42,45
5WAXH 34,35,36,33,104,97,155
UB9Y7EGO 57,59,58,53,56,11,151
XHN7WEGO 154,135,37,38,95,33
B0MRS 152,19,149,153,15
ZF80GEGO 109,19,61,63,156,106,110,15,59,62,92,107
S4TU3EGO 81,84,85,83,86,6,97,88,8
7GC82EGO 70,151,73,71,106,59,154,74,132,107,118,131,152
W8S35EGO 88,154,59,61,9,67,156,65
SAOSIEGO 151,59,81,43,11,67,118,9,119,40,68
PVRUMEGO 71,32,27,123,117,26,30,115,33,70,1,150,152,34,151
TAMAD 154,59,112,113,141,26,32,63,61,25
YNXOH 132,6,97,144,153,141
NPBOIEGO 156,120,35,67,154,110,118,65,69,106,34,121,111,112,61,63,38
IYZH4 113,112,120,61,152,6,63,154,149
9HBWE 56,3,113,57,126,58,0,112
VZH5A 74,109,35,132,81,34,97,33,106,107,36
CC5A1EGO 98,97,152
YGEVIEGO 146,106,122,109,107,59,123,110,81,154,9,132
8EZ5ZEGO 118,145,59,106,154,14,156,9,11
557DDEGO 106,33,154,107,110,111,121,109,38,35
UY2GL 152,16,149,154,88,85,87
P573G 153,151,125,104,55,54,56
KW0HN 154,9,77,139,151,110,107,106,38,97,79,76
ZRDYZEGO 107,129,115,109,156,110,117,128,81
RIGLA 113,61,118,112,152,149,8
0MXHJEGO 109,152,132,97,128,92,149,154
DSD2R 156,40,135,43,61,41,39
EVXKU 20,22,23,130,21,62,97
XS23YEGO 149,61,67,16,59,15,9,17,62,11,87,152
IQ1M7 26,97,27,20,24,32,30,21,117
9IIY1EGO 106,146,141,11,97,59,6,154,8,9
17AQE 63,62,110,119,106,107,152,114,113,112
549MJEGO 155,104,97,1
SY8ZFEGO 97,151,104,150,153,103
FFKOOEGO 98,118,152,149,107
2JL6E 149,107,152,106,59
9PPZB 20,119,55,156,154,57,59,148,97,127
TY0HV 130,22,97,154,20
5C4I9 154,37,135,33,95,38
24VM5EGO 9,130,62,155,97,3,152,1,17
16KIHEGO 26,59,97,29,153,32,115
6M29E 59,97,151,8,6,123,153,141
Y6LRF 67,151,156,65,118,61,152,59,20
ZX4DD 81,113,112,76,56,54,82,53,79
F17H4 61,63,155,0,130,20,1
R9086EGO 37,156,32,135,71,34,81,36,115,61,154
HGT1ZEGO 127,1,152,126,149,148,138,2,137,0,114,154,3
7AEL1 154,106,73,118,72,107,61,97
H1I8Y 117,51,135,33,30,29,113,26,27,112,32,154,151
V665Y 97,120,44,41,39,109,61,9,118,11,151,59
R2989EGO 110,70,72,106,107,52,51,125
EEWXU 151,61,23,9,59,62,20,53,97
ANTS5EGO 131,132,33,72,134,148,152
5DXPUEGO 152,151,16,106,135,93,109,110,15,107,18,96
94663EGO 130,156,65,62,81,97,8,20,9
IS02G 97,20,141,8,22,107,106,59,110,24,123,151,108
57TSM 65,62,119,125,97,120,154,156,118,81
BH33K 1,8,155,97,132,3,0,6
3BRO3 112,32,26,59,30,113,27,14,11,54
AMWZ2 149,98,138,100,137,97
V61YUEGO 108,59,16,154,151,11,110,15,10,109,17,107,152
V51RV 42,149,43,40,152,41,81,125,112,113,117,9,116,151,154,115,39
MG6K3EGO 97,21,134,151,150,152
LDQBOEGO 17,15,97,101,127,98,18,9,152,102,21
PVD64EGO 114,113,54,154,23,21
RY5S4 141,153,55,59,154,148
E82ZVEGO 34,37,64,151,154,81,135,119,132,33,118,121,38,62
9TJG4EGO 147,106,109,110
PS23P 138,127,137,153,83,84,86,88
RZ6F8EGO 140,1,3,154,0,141,7
DWW70 54,128,8,137,97,3,73,126
3OXUXEGO 62,0,97,3,152,127,154,4,2,68,67
2EZRV 14,151,9,11,28,26,59,81,149,152,97
CGVZ2EGO 97,154,6,61,67
8FLE2EGO 156,108,154,9,125,63,61,110,106,20
AJXC8 119,62,11,61,75,35,9,33,59,34,63,67,37,151,154,40
5K0K8EGO 57,15,17,154,56,59,54,150,16,152,149
F00JJEGO 59,92,106,107
5HM5H 0,17,113,4,1,9,2
8Q9SH 118,65,156,59,152,125,61,67
QV4GA 149,32,72,26,134,152,97
6PBLWEGO 62,65,106,61,156,118,107,119,154,150
0NY9YEGO 2,1,33,3,4,71,70,34,5
GOZJTEGO 118,107,150
S0BR9 9,154,2,0,74,61,3,123,156,126
5ZTZQ 59,11,115,26,123,15,32,9,28,25
IIC7TEGO 9,156,79,11,72,123,107,106
I6CYQ 40,67,63,125,65,61,156,132,154,123
TMQIN 2,123,151,154,0
UIP7QEGO 23,150,123,21,33,17,9,139,20,154
J1LE6EGO 97,33,59,70,76,32,72,26,25,150
MIN5IEGO 152,22,116,97,8,141,9,6
WYY8FEGO 0,3,1,63,61
TRQDM 97,15,17,0,151,16,95,1
1H94NEGO 135,110,106,107,109,108,61
0UIBUEGO 63,53,61
V2DO7 110,125,107,115,109,78,154,106,117,124,146,26,29,30
XL1AY 0,125,3,61,156,62,65,33,154,67
IUXYL 118,80,152,149,154
IEPP0EGO 107,106,109,156
UVYKR 59,6,154,141,16,15
HA6H0 152,35,33,114,113,8,150,36,15
VW25P 141,8,97,42,6,9,150,35,0,2,43,33
FEA1F 106,70,97,33,132,152,107
PQSG9EGO 72,26,137,97,115,127
YSZXKEGO 144,151,52,96,59,14
QJHYV 33,146,20,154,35,97,23,70
0HSHC 112,113,77,8,81,76,6,152
C9RYK 147,38,35,119,33,34,151,120,9,36
DWJ3P 135,3,154,96,87,9,18,17,16,15
EA857EGO 154,21,133,2,134,0,148,96,146
3JN7U 81,106,110,109,119,107
AQQ5SEGO 8,141,106,156,97,107,61,65,67
VWKFS 63,62,61
8E6EB 78,97,141,71,132,146,18,8,6,59,15,70,123,72,154
UT3A6EGO 149,28,26,115,30,32
IQ1M7EGO 26,97,27,20,24,32,30,21,117
JOBDXEGO 62,40,42,41,63,61,16,147,21,15,18
BWA28EGO 62,63,21,61,154,97,59,11,151,152,156,9,20,130,22
TPNXP 92,89,110,90
BEX04 14,141,11,8,13,154,12,59
TN0B8 97,62,118,99,98,100,127,63,102
HRFIZEGO 29,146,72,27,70,26,154,133,30,117,134
13N62EGO 70,144,150,97,153,1,96,0,72,59,73,151,92,2
MENJVEGO 12,97,13,87,16
3SQ6Y 106,118,61,59,154,151
KXE4VEGO 59,146,9,11,154,76,151
ZWTE8EGO 109,9,107,15,19,62,61,106,156,110,63,11,59
4DRM0 14,51,57,52,151,56,59,48
Q4I99EGO 143,8,118,156,110,6,106,63,107,142,61
3VE98EGO 98,97,141,91,82,114,38,33
HRULT 97,118,107,106,154,59,88
AGV00EGO 8,11,52,154,153,141,38,51,33,14,97,34,35,6,125
73AWG 123,26,11,66,59
YYJPQ 106,61,62,63,156,107,11,146
N8N2AEGO 128,151,59,11,62,32,106,52,154,156
YYJPQEGO 106,61,62,63,156,107,11,146
RIGLAEGO 113,61,118,112,152,149,8
7FSMK 154,156,106,77,76,119,9,61,110,65,109,63,97,79,81,118,120,116
25RVDEGO 2,117,73,0,30,26,97
3FKDJ 149,96,151,152,59,95,94
V1YDBEGO 154,153,97,26,22,20,130,9
1NOSJEGO 90,26,32,92,25,141
DRVZ8 33,154,99,38
7OUEB 35,97,34,150,153,33
79RLB 144,148,70,72,73,96,71,97
Z6Q2Y 84,88,115,83,117,81,32,26,28,27
AQWP5 130,22,106,20,110,62,107,109,120,9,119,118
IAJFTEGO 67,8,61,65,141,62,118,152,156
SIHGM 20,150,152,61,130,114,65,149,67,23,97,156
8EI4PEGO 99,8,112,6,97,113,152,130,98,100,63,62,81
31T9A 127,99,102,141,100,71,70,97,8,73,98
JTHVM 54,154,44,115,56,53,117,57,153,97
GZT6BEGO 127,106,107,149
TQDT8EGO 20,135,56,154,23
S91ZCEGO 59,84,83,88,15,152,16,11
0ZM3V 110,106,149,122,108,97,152,107,125,123
RSP72EGO 6,96,8,33,152,7,155,95,0,2,144,141
ZD72D 125,139,15,59,16,111
7FQYGEGO 97,151,6,23,20,8
4G0USEGO 1,0,84,83,155,88,107,106,2,148,110,156
FGUYBEGO 102,97,8,100,127,30,150,28,9,81
E34CPEGO 113,8,20
CS7OSEGO 141,76,78,97,8,80,79,77
OHIKEEGO 16,106,152,149,15,154
PCTE6 123,55,117,154,8,6,115,127,97,151
WQS59 156,142,143,63,107,61
210SKEGO 106,119,112,113,109,81
D750REGO 153,156,19,65
Y3S83EGO 115,110,116,97,26,32,145,150,106,107,117,30,28
4G6I1 26,132,31,126,32,59,25,28
TY0HVEGO 130,97,22,154,20
Z71Q8EGO 97,56,8,18,15,53
I33MVEGO 121,82,118,1
W55JSEGO 119,151,82,59,99,98
KYK4K 118,119,9,109,106,107,156,120,154
R1EXDEGO 62,147,63,115
H4X4QEGO 152,5,97,156,151,129,123,59,154,106
9IIY1 106,146,141,11,97,59,6,154,8,9
NH4K5EGO 151,154,54,55,125,123,92
HEUH4EGO 59,118,156,72,63,51,70,21,9,11,61
Z97SI 72,152,150,155,81,73,141,96,113,70
DL4UU 98,152,109,107,110,127,102
MVL11EGO 141,135,97,27,26,32,150,154,151,96,30
DYGOGEGO 16,135,152,106,151,15
8GD5V 96,40,94,152
5GWUOEGO 12,127,9,102
37NEF 156,59,33,62,132,63,70
FRENZ 154,20,97,3,0,23,1,21,22
T4Z86 15,61,65,9,156,18,67,68,62
FHE5JEGO 156,106,62,61,110,63,44
7DZKQ 156,65,47,68,61,48,52,62,67,46
124ME 25,116,115,26,145,139,32,27,29,28,154
ECFIGEGO 43,97,8,141,40
YH4N6EGO 61,107,109,63,118,110,147,69,67
0F9WH 50,129,148,107,47,2
F8F38EGO 55,125,141,97,53,8,151,59
MUSMO 156,65,67,152,97,15,69,61,18
22Y34 143,154,123,63,61,132,142,156,97,152
V2HPPEGO 59,12,82,114
HDTS1EGO 61,148,126,118,56,120,69,67,58,65,156,135,154,151,63,2
1AT8FEGO 156,154,61,91,67,63,11,33,62,38
5RG8O 153,14,32,2,36,25,35,33,26,139
24ELMEGO 135,4,0,1,151,107,106,154
34VZZEGO 61,109,108,118,67,107,150,97,110
PM3KA 78,135,116,76,134,115,31,72,28,26,27
ZXJSVEGO 154,106,121,105,81,62,109,107,119
I3G5L 72,70,135,107,106,154,110,74,132,126,1
ODMSX 152,150,149,151,125,98,124
ATZOC 22,77,5,117,115,141,76,97
3YHU5 26,107,32,109,27,9,25,106,115,110
7GC82 70,151,73,71,106,59,154,74,132,107,118,131,152
U3XHD 110,77,141,106,107,76,9,97,109,81,120,78
VKM0C 119,153,100,156,98,62,118,59,61,11
80S54EGO 32,95,26,152,25,29,27,93
AWDOEEGO 106,151,84,97,110,88,83,154,107,118,86,28,59,9,81
861M3EGO 61,118,119,153,120,9,11,59
O4ZKB 113,112,62,43,110,42
DOYDAEGO 1,4,97,107,0,106,151,59
OI4ZQ 107,106,42,151,123
1OPAX 151,110,8,59,115,141,106,118,9,11,117,97,107,120,109,150
QX4XQEGO 20,22,148,154,97,151,1,59,23
VNI4O 8,95,79,77,112,37,2,1,33,96,34,36,38
HD7ODEGO 15,8,141,97
HR1UI 33,147,114,37,119,61,63,35,62
DNFIE 76,77,153,154,52,79,78,51
WWD6S 26,152,20,21,29,27,115,149,22,30,28,135,32
GS6WO 72,156,70,120,63,118,61,11,59
AG5Q0EGO 152,27,149,106,110,11,26,109,25,29,59,107,28,32
RQ3QCEGO 106,153,97,6,118,105,112,107
RF1H5EGO 67,106,61,65,59,156,107
GYBHQEGO 33,149,84,152,85,88
OE4W6EGO 152,32,151,87,26,16,15,134,115,132
0SEAOEGO 154,123,97,132,151,59
H1JSWEGO 11,15,123,107,135,9,106,109,110,16
XCMYDEGO 43,153,141,42,26,6,30,97,113,115,32,117
W1JKI 130,9,11,22,154,1,155,2,151,59
HV7O8EGO 28,153,113,81,26,112
QGRR5EGO 145,117,30,115,32,27,26,59,29,25
TDSF1 79,59,107,76,109,106,9,77,11,16,15
5P5QKEGO 62,15,97,87,114,130,112,61,85,153,6,63,81
5807JEGO 129,72,128,106,156,154,123,153,151,108,109,107,78,110
T7SWREGO 114,154,60,81,153,82,62,152,119,149,118,120
4WEC3EGO 151,154,61,40,152,74,72,149,20
NGWSXEGO 59,11,32,9,132,30,151
3637W 109,107,106,110,146,9,136,135,134,133,154
EC1M3EGO 133,146,71,154,72,35,1,33,0,134,2,126
9R8MO 51,14,52,32,59,155,11,145,1
YKFZG 40,43,155,98,152,3,151
LHK6HEGO 53,69,67,61,54,118,63,120
4A5IHEGO 110,16,9,107,87,81,15,17,106
VC00X 26,8,97,30,141,6
ZIE0Q 145,51,115,32,26
85XXA 150,118,92,107
53SXU 151,0,4,2,1,150,59,152,126,154,144,146,155,60,40,3
OHLJPEGO 1,2,0,154,155,121
DG6GMEGO 150,70,8,72,141,149,152,6,71,90,73
7ZMNU 97,87,86,150,83,8,85,141,149,113,84,88,153
FDJTNEGO 156,63,154,152,59,149,131,118,151,120,132
G4HKN 135,61,51,156,125,63,69,123,52
HOAMF 120,118,62,61,63,65,156,67,150
I7CQSEGO 118,151,120,119,59,11,125,154,9
TNP0O 26,59,97,151,47,149,50,52,46,28,154,8
EZ5HT 67,105,156,59,69,20,65,154,21,61
LBU5OEGO 0,96,145,1,152,149
MX99P 33,97,3,36,90,92,34
V49UM 8,123,70,154,152,144,141,46,72,51,76,151,49,149,80,47
ZAJ8X 54,1,3,57,155,58,104,113,126,0,105,8
CXGIZEGO 59,51,153,109,9,107,106
IKSQHEGO 34,9,36,150,33,97,3
9LCKIEGO 154,137,127,23,53
KIO9QEGO 113,123,152,154,15,16,135
59424 43,154,59,105,151,1,40,97,148,123
PCYXM 9,110,107,130,61,22,20,152,106
T631PEGO 34,35,41,33,2,0,43,39
ZD6DSEGO 84,135,151,75,59,117,115,83,11,127,77,88
O4Y5Q 83,9,135,152,88,84,85,26
G9Y2NEGO 152,19,154,60,103
876TVEGO 130,72,23,62,21,70,63,154,20,61
3QKQ9EGO 1,34,154,6,4,140,127
Q85KF 36,33,126,34,70,71,16
LPCL3 148,113,2,0,1,155,3,154,59,8,141
2DYZD 59,92,156,118,61,42,11,90,63
8VX3J 62,61,118,126,59,10,120,12,63,11,154,106,155,57,56
TW2LDEGO 59,21,11,20,154,61,23,106,9,63,151,156
QQRTQ 104,154,106,146,30,110,26,156,63,59,11
L1KJH 26,152,153,96,149,85
T6LE1EGO 9,156,154,62,123,106,151,61,135
RW79O 148,35,156,3,67,0,34,153,1,155,38,33,118,2,120,65
YO0W3EGO 108,143,147,113,106,120,110,112,142
9CYHE 124,106,78,146,32,26,118,134,107
IRV27 53,107,1,56,109,155,58
JUYBX 1,35,2,127,73,71,154,3,12,0,9,4,34
VZOMEEGO 127,137,54,154,153,26,32
IZ0P7 106,153,52,128,129,59,11,110
SCB64 80,152,154,76,79,126,77,59
CC1HGEGO 7,149,141,140,154,15
2R3BH 6,8,149,118,20,97,61,152
SA03REGO 51,102,47,127,52,151,149,100,125,46,49,98
UVYKREGO 59,154,141,16,15
3FJ4Z 156,65,59,131,61,63,67,69,106,123,107
67BIPEGO 108,118,107,119,120,109,125,18,9,59,151,110,106,16,15
JSP02EGO 63,70,156,72,123,59,118
2DBRYEGO 2,8,35,16,0,15
NJV1E 109,106,110,119,118,9,107
GCCQEEGO 148,8,0,97,33,139,2
IV7H6 16,59,149,15,152
3YP53 61,110,59,109,156,11,63,107,119
RMOPG 61,152,118,41,63,97,156,113
4PTGO 8,141,74,73,71,79,126,113,97,70
73XRIEGO 154,124,97,2,148,0,146
0UT03 139,76,154,59,97
UYBV9EGO 67,68,63,65,156,9,61,62,107,106,69
GSNCNEGO 11,69,62,61,59,107,151,106,63,120,110,67
XIPXVEGO 92,135,149,76,90,152
N65WI 156,56,55,151,61,62,63,104,154,42,106,127,109,21,110,20,107,59,57,97,54,53
ERMKI 0,154,106,105,35,151,2,107,59,109
ESR0JEGO 33,149,34,67,153,152,61,65,156
D5EWZ 155,8,97,2,6,3,152
MKY5W 62,61,106,143,110,21,112,113,130
UFMN2 106,107,97,8,118,0,3,1,34
8ESFC 1,155,79,125,154,126,3,80,76
6RUAREGO 14,151,11,107,87,59,67,118,156,63,110,62,109,120,9,48,108
BBMTZEGO 110,149,104,103,107,154,105,97,153,99,118,108
V21QWEGO 6,1,112,141,113,8,155,0,110,4,107,81,106,154,97,2
V3T40 97,8,20,9,33,36,21,34
P92TS 155,110,109,8,97,92,106,107,149,81,126,3
F1FF9 21,99,100,118,154,61,98
DGLRXEGO 132,8,154,59,141,97
PFX3SEGO 126,97,75,3,53,4,1,0,58,92
FIZK4EGO 118,147,110,113,107,120,153,106,109,112
R959X 81,26,117,151,115,28,27,154,112,145,113,125
0SEAO 154,123,97,132,151,59
YQ6YQEGO 134,146,133,154,35,141,97,150,33,8
EZQHREGO 147,97,98,99,102,100
TO6HQEGO 134,133,17,126,135,93,96,16,87,154,146,15
L9PJ7EGO 104,154,60,103
E5W44 156,65,68,67,81,152,118,154,88,61,97
QGRR5 145,117,30,115,32,27,26,59,29,25
BNQ24EGO 1,82,148,0,4,2
0RBPMEGO 76,15,113,79,18,16,152,0
KQT1Z 132,134,97,152,154,76,135,78,146,77
CLE5T 109,142,62,143,81,19,15,110
IGU3G 27,30,32,25,145,28,26,52,14,31
OHZOYEGO 60,112,102,103,98,127
DYGCV 72,106,59,11,152,92,107,73,70,9,151
NEEAJ 88,87,84,135,151,134,89,83
N8HT4 154,93,2,106,132,123,96,1,151,107,92,144,148,152,59,109,149,9
R0112 113,8,128,6,112,97,154,129,141,96
6CI8N 75,61,114,154,22,113,81,106,112
6DYMM 153,11,154,81,14,151,93,59,150
Y5KRR 82,154,15,152,17,19
GX9RIEGO 8,152,141,127,97,107,106
1KTUVEGO 63,62,48,125,156,65,51,67,118,77,61,79
PQSG9 72,26,137,97,115,127
06084 123,115,117,145,59,152
XSMTPEGO 130,68,82,57,113,62,81,112,9,119,63,20,154,61
OB8Z1 149,93,9,107,135,152,106,109
6FY8IEGO 122,153,146,70,71,154,28,26,116,115,72
4XQQB 43,154,146,40,123,129,107,122,109,110,106
COP8ZEGO 17,1,9,144,154,155
06JPWEGO 11,120,119,63,59,106,9,62,118
20I04 6,141,97,50,49,47
5G51HEGO 3,8,113,155,57,87,6,112,54
Y5UYX 107,128,151,120,118,119,9,12
82F8R 106,109,32,26,107,30,110
TDSVN 2,0,6,109,151,37,107,106,97,35,141,154,1,4,125
1GK9YEGO 112,6,98,101,99,113,8
U2CPO 1,114,125,2,4,0,153
4WQPUEGO 59,106,119,9,120,15,109,16,11,118,107
G6D7QEGO 93,99,102,100,127,98
JOBDX 40,42,41,63,61,16,147,62,21,15,18
05D31EGO 113,154,108,59,112,151,110
V2A75EGO 116,9,81,37,33
Q0K0REGO 135,134,97,147,107
9B3SD 118,16,153,15,107
M0NHOEGO 53,82,54,127,56,81,0,97
YTUJDEGO 59,38,11,114,82,151,10
DYGCVEGO 72,106,59,11,152,92,107,73,70,9,151
7QCK5 59,11,34,151,57,36,58,154,33,127,38
6FY0I 118,120,154,97,11,61,59,63
K85WZ 110,152,148,97,107
QRQY2EGO 147,106,107,149,110,120
O8QG8EGO 113,23,112,8,106,6,20
H1I8YEGO 117,51,135,33,30,29,113,26,27,112,32,154,151
XB1CDEGO 151,59,109,106,107,108,118,110
QV4GAEGO 152,149,32,72,97,134,26
HRULTEGO 97,118,107,106,154,59,88
5C4I9EGO 154,37,135,33,95,38
82LX4EGO 151,61,72,156,123,70,132
7XKEK 43,42,156,39,20,41,22,40,92,63,61,62
6FI2H 128,70,110,107,97,72,61
KOKDPEGO 61,142,62,63,9,147,143
73AWGEGO 123,26,11,66,59
130YFEGO 61,11,9,128,59,129,156,65,106,62,107,110,63
V6HY6 79,154,123,132,77,76,152,135,151,78
T631P 34,35,41,33,1,2,0,43,39
58M0M 2,56,110,107,127,109,106,9,73,75,70
8B2B6 149,152,84,107
SOT6CEGO 154,53,26,98,54,58,100,31,126,28
LZMXHEGO 128,153,63
X988PEGO 92,8,154,141
24VM5 9,130,62,155,97,3,152,1,17
DI0ENEGO 154,156,11,28,29,127,25
KW0HNEGO 154,9,77,139,151,110,107,106,38,97,79,76
OL1FE 154,8,101,152,127,141,81,99,97,149
GOLQJ 26,32,149,123,152,27,29,59,16,67,15
PDGS0 59,153,107,108,154,152,110,151,11,17,109,9
DNJUC 153,156,8,150,141,65,9,119,63,68
VC8CNEGO 125,154,137,59,151,136,20
CZXOO 24,97,20,105,0
KY2U9 44,116,122,9,28,151,154,123,89,30,59,90
RFO5I 67,125,27,29,65,26,61,153,63
MI9WO 0,1,107,110,106
G9MB1 51,151,137,65,153,156,67,127
ZMTHPEGO 1,20,5,4,28,155,21,151,3,0,26
A6V4J 151,59,39,12,130,41,127,126,45,115,116,32,88,154,117
8E6EBEGO 78,97,141,71,132,70,146,123,72,154,18,8,6,59,15
02ZWX 97,8,6,107,156,150,152,125,20,104,141
APC63 154,29,31,151,11,59,106,9,26
JPDKT 146,141,97,130
KBV0O 63,97,125,151,156,118,61
0SHFY 9,30,60,153,26,28
LNYWP 156,129,107,109,153,106,135
T6LE1 61,156,154,62,123,106,151,9,135
OBQKA 9,3,154,153,107,110,145,74,108,14,12,1,109
YDFBC 150,33,100,97,98
NC7M0EGO 6,125,141,97,8,154
JUYBXEGO 1,35,2,127,73,71,154,3,12,0,9,4,34
O0628EGO 11,9,59,33,28,27,32,149,25,29,26,70,152
Q4318 106,109,135,134,107,133,152,146,110,149,120
0KH8FEGO 46,30,26,122,49
O2A2FEGO 20,154,97,144,8,152,96,29
WC82F 61,65,5,69,81,106,67,156,54,63
V4JR8 20,24,9,22,81
M5NGVEGO 58,126,102,127,56,149,152,98,99
005BUEGO 156,61,22,65,130,38,9,20,69
CNPVP 152,149,8,118,150,120,97
RHLNY 113,8,114,141,1,4
1DUKW 20,59,152,11
HN4L6EGO 118,149,71,98,61,126,99,74,65,70,100,151
NJV1EEGO 9,106,110,119,118,109,107
0UT03EGO 97,139,76,154,59
C4BSN 147,20,152,32,149,26,115
IA069 26,97,8,141,30,107,83,127
ZH24U 106,139,121,107,97,118,119,154,8
KW5C1EGO 2,154,126,23,3,20,0,1,21
UHG9V 115,26,11,25,9,110,78,76,145,109,32,59,106,27
KFNDJEGO 140,54,8,141,97,154,113,56,112
FBSB0EGO 155,152,149,59,151,0,154,97
N8N2A 128,151,59,52,154,156,11,62,32,106
TX1ZG 135,118,107,151,15,97,106,16
PZVZQEGO 115,106,107,110,28,82,117,129
JTPO5 152,38,0,53,51,33
HBEREEGO 58,106,53,11,59,126,109,54,110,9,56,57,154,107
P43XL 3,4,150,126,1,2,127,0,5
PBMCR 53,15,96,58,97,54
VE9Z6 154,11,122,28,116,151,59,115,26,117,134,9
OF3TS 26,153,32,30
X13AG 34,37,48,153,127,33,52,9,152,46,35
S1ZSO 58,112,53,28,26,142,42,25,27,54,57,126,6,113,151,59
5YHHEEGO 150,152,118,44,106,135,151,40,109,154,51,41,107
4UC5KEGO 67,61
G47JZEGO 150,62,120,118,8,113,61,6,112,156,119,63
P308EEGO 142,0,70,2,106,110,143,109,73,35,107,33
E34CP 8,113,20
SNSFIEGO 11,62,59,61,35,67,63,68,38,65,34,69,156,33
ONGPA 152,21,23,20,156,11,59,149,61,63
0FBAR 149,62,151,118,154,9,59,152,60,11,120,119,156
HNZJX 111,45,40,121,126,118,42
YAX6PEGO 152,9,84,149,83
3QIQF 62,118,81,20,130,22,21,120,9,63,23,119
JIPZ9EGO 108,107,110,9,11,106,59,109
BC85J 154,46,20,49,97,135,48,22,47,21,141,23
CDUPC 132,154,151,155,59,57,125,97,11
KV1DZEGO 59,156,106,67,109,107,61,65,72,11,110
JWK2BEGO 79,76,63,156,61,149,152,81
5VIJ2 9,154,122,47,146,46,51,49,123,59
ARX36 12,70,34,33,9,38,35,154,127,13
YWBR0 88,63,26,97,83,84,150,156,30,61,117,20,32
KV1DZ 59,156,106,67,109,107,61,65,72,11,110
3JN7UEGO 81,106,110,109,119,107
9P936 40,59,156,51,52,63,61
VYRHK 152,127,98,51,149,59,102,97,12,11
ACF9D 154,123,132,26,32
DGMNWEGO 152,126,80,76,79,71,149
ZKAW1 109,47,51,9,153,50,106,59,107,15,123,17,48,154
IGHMB 151,106,148,107,0,2,59,132,135,118
8HOQ1EGO 111,118,121,113,112
R43IF 11,59
48CQ5 109,120,26,121,147,118,107,110,28,61,62,32,25,27,119
8WEJ5EGO 23,75,20,141,22,97,38
NV3VZEGO 96,35,33,139,97,38,37,34
MYO4BEGO 156,106,132,63,107,11,61,118,59
3PM5I 153,97,106,110,109,107,120,151,149,63,23
OI4ZQEGO 107,106,40,42,151,123
XVIVSEGO 38,128,107,33,91,153,129
1ZXYSEGO 151,48,135,154,127,50,47,52
YTUJD 59,38,11,114,82,151,10
KT2EM 63,62,75,20,113,125,71,23,151,61,21,144,112,156
7N4PHEGO 59,150,61,154,156,20,97
N6JE1EGO 11,63,125,156,61,51,118,62,107,47,88
WFZIR 106,151,77,109,59,120,154,118
FFEG6EGO 21,59,20,130,151,109,97,107,14,110,52,22,123,9
GNY9KEGO 0,156,40,2,120,118,39,69,67,63,62,43,61
BLF7IEGO 119,118,122,110,108,107,109
KT5QDEGO 124,151,33,78,34,35
MCK3N 97,59,6,154,10,153,8,11
GGX2N 97,9,32,26,28,81,30,150,154
BBVXJ 153,147,66,61,63,62,97
KB6Q5EGO 63,135,156,26,123,118,61,106,32
BYONL 122,70,9,72,145,154,71,151,73,116,123
0US0QEGO 69,65,67,135,118,61,149,156,63
QMXJNEGO 149,102,152,127,113,153,141,98,8
P2CAQ 118,89,147,90,62,63,61,120,119
U2P3W 154,76,96,152,59,79,16
CXGIZ 59,51,153,109,9,107,106
TUFP5EGO 33,35,107
8OJQ5EGO 106,118,154,119,110,107,54,126
S6DHXEGO 106,151,79,47,123,77,110,97,122,107,150,119,51
Q04CUEGO 147,121,119,154
GXYLKEGO 44,123,2,106,76,42,41,151,0,154,9,1,107,40,109,110
JN7R8 67,105,8,152,97,61,143,63,142
EQFWGEGO 126,1,155,46,31,0,12,9,29,58
4YC8SEGO 52,48,59,151,50,11,20,148,47,115
U0WLU 81,106,127,113,156,154,109,61,107
755BI 91,33,10,92,127,90,20,111,12,154,82
H2FFJEGO 3,150,0,1,9,152,97,149
UAFI3EGO 72,104,62,61,135,151,97,65,153,67,0,63,113,70,156,73
56UQ7EGO 152,130,115,12,30,26,128
IKS5NEGO 97,9,153,59,156,20,61,11,151,22
4OJXS 20,8,135,23,97,154,151,16,149,113,73,112,127
88GG4EGO 107,137,149,9,152,153,118,127,109
LAOQO 16,101,149,15,154,100,152,98
TOLEM 26,11,59,151,27,32,152,154
IYXUNEGO 75,150,118,0,1,71,9,119,62,97,70,63
JFGHW 154,20,29,22,28,18,15,149,125,26,30,152,32,16,21,17,23
OO495EGO 110,107,51,109,106,52,135
FIA3YEGO 26,25,32,92,28,134,2,1,155,154
NTT5O 141,156,8,40,6,62,61
590LZEGO 114,15,81,1,0,82,113,16,97
VZYDMEGO 70,120,118,63,34,61,156,71,9,62,33,119,73
7WNK1EGO 63,21,59,154,61,156
QBRHN 116,154,81,12,14
WWUH5EGO 8,112,154,6,113
TII1I 107,106,156,118,152,123,132
GOZJT 118,107,150
APC63EGO 154,29,31,151,11,59,106,9,26
KW1F5EGO 72,153,59,132,110,120,118,107
IO2UIEGO 1,78,0,2,77,113,154,134,148,76
V3FXF 21,9,62,107,110,22,20,63,106,156,109,61
81YO4EGO 61,71,33,63,69,92,70,154,0,67,156,35,75,73,120,34,118,65
NDEJOEGO 152,126,33,149,118,155,106,107,36
ZY08D 63,154,97,151,65,68,72,70,71,69,132,67,78,77,76,156,61,123
9LV85 152,106,64,9,109,33,149,110,34,107,36
B4S9G 146,133,148,109,134,74,154,96,1
8IUYWEGO 83,86,34,150,0,84,36,33,3,1,88
KCSBQ 152,33
0KDNHEGO 88,156,118,93,61,15,94,96,84,120
38ROP 153,156,63,34,62,154,120,43,9,112,42,67,69,119,61,65,35,33
J76RY 152,26,29,149,32
G1N00 113,106,8,110
NN89TEGO 59,51,52,11,151,48
25XQJEGO 2,38,154,127,1,33,42,35,91,90,125,41
1PX6K 61,149,68,67,156,65,118,120
AP95X 154,151,11,145,27,26,110,106,9,115,59,32
7UXGCEGO 62,20,61,21,147,23,63,130
O9S7EEGO 61,59,156,115,151,11,26,123,152
YPHSH 40,83,152,44,45,84,43,88,38,154,41,21
CNPVPEGO 152,149,8,118,150,120,97
WNKN6EGO 141,97,8,152,7
ZTHR0EGO 106,107,112,110,113,82
VKBL4EGO 134,20,62,21,61,135,156,77
7XI8REGO 59,156,9,11,19,14,61,65,15,52,16
37NEFEGO 156,59,33,62,132,63,70
483RXEGO 63,156,151,59,149,152,132,123
05D31 113,154,108,59,151,110,112
85XXAEGO 150,118,92,107
DMHWE 96,97,87,15
KZ5U8EGO 32,61,156,59,11,26,62
IFO5I 112,113,154,119,118,120,59,107,110,151
ZWNJV 142,147,62,61,63,143
V784C 156,128,61,151,113,154,112,129
I2KYA 109,62,22,152,33,38,147,20,81,130
LACO3EGO 59,32,27,26,152,151,0,149,1,25,148
ZXZ4REGO 6,8,113,77,80,141,81,112,76,79
N7TGUEGO 97,9,8,59,6,141,154,81,123,151
A75GH 8,13,112,40,63,43,113
4IAPA 106,112,39,107,110,43,42
LBU5O 0,96,145,1,152,149
6PHSCEGO 74,129,123,132,35,63,156,151,16,33,15,71
PBYLHEGO 61,97,144,156,62,118,96,119
YAX6P 152,9,84,149,83
9BLCN 35,126,33,34,36,69,3,67
D80U8 82,113,141,8,37,34,38,13,81,6,33,97,112
GXYLK 44,123,2,106,76,42,41,151,0,154,9,1,107,40,109,110
HBF3HEGO 65,156,149,67,69,15,17,11,59,19
CF5J4 154,81,119,120,118,9,107,109,110
A311C 125,26,75,27,127,28,32
OHIKE 16,106,152,149,15,154
2AVEK 42,40,41,126,9,45,26,44,39
DFSIMEGO 67,68,148,69,1,63,156,65,0,62,61,104
D65QR 113,0,112,2,1,97
62GN3 109,106,62,61,12,118,119,110,120,63,156,38,153,13,65,97,69
HR2OXEGO 107,106,110,5,2,109,0,1,141,6
AJXFX 81,154,33,113,34,112,107,6,0,110,106,1
N4N72 107,152,110,11,149,59,106,23,20
KU8NO 9,62,130,63,98,102
N8EQI 118,156,149,61,88,152
KSUJ7EGO 100,114,98,81,115,116,117,99,26,82
9XJEJEGO 11,97,151,152,150,59,132,123,131,149
15MZREGO 72,109,152,153,118,107
65JW9 109,107,106,77,126,110,61,79,80,76,92
K228ZEGO 118,61,119,151,149,9
7B4I9 61,40,57,63,54,8,141,113,62,9
6DYMMEGO 153,11,154,81,14,151,93,59,150
9IYNH 153,134,116,117,152,154,11,26,32,135,146,145
UA8LW 152,86,125,84,88,151
6AI0L 96,152,15,87,16,8
O9S7E 61,59,156,115,151,11,26,123,152
ZG4HKEGO 102,98,99,153,149,100,127,152
HJK9A 62,118,119,120,113,61,112,156
9UL5A 26,28,113,126,20,21,112
2LD0ZEGO 57,58,106,126,107,118
79RLBEGO 144,148,70,72,73,96,71,97
6VLPF 97,148,55,154
6E7UW 156,118,34,33,61,97,1,26,120,32,63,70,106,72
0I7GOEGO 0,1,33,9,148,34,2,3,35,4
UAH1I 96,149,85,154,59,151,152
HT71B 3,35,2,1,36,155,152
RMZ6B 61,156,65,154,67,63,69
O7U6XEGO 78,154,109,77,107,118,106,76,151,11,146,119,59,121,110,120
POBS2 135,151,48,49,97,50,51,52,47
N63Q0EGO 150,125,93,151,15,8,97
HHXM7 51,47,76,78,63,59,61,156,52,123
GP9O6 113,54,108,152,112,55,56,151,110,107,154,59
06JPW 11,120,119,63,59,106,9,62,118
3341SEGO 14,156,9,63,151,59,11,21,23,61,83,62
KAGLOEGO 97,63,21,22,9,141,6,82,81,62,20,130
3Z16H 3,1,71,75,74,126,70,0
P9WVNEGO 11,67,153,76,69,79,150,61,62,9,151,65,154,152,68,156,78,59,77,63
WMCWI 135,156,21,61,63,152,20
15A6OEGO 59,33,154,93,96
7OUEBEGO 35,97,34,150,153,33
BRDDD 97,106,15,113,8
ZH24UEGO 106,139,121,107,97,118,119,154,8
LV736EGO 96,0,148,3,105,1
7IW5H 120,149,119,118,15
3QS9NEGO 106,68,149,61,118,152,67
VC00XEGO 141,26,8,97,30,6
5YOA1 101,43,61,99,63,98,40
LTYX9 156,97,149,19,15,152,61
K9ZJK 62,156,65,61,67,68,63,118,107,59,106
VE9XS 47,146,141,134,133,154,40,97,50,135,43
84AJK 101,20,99,126,154,65,156,134,106
UCEBG 153,154,92,40,41,27,59,117,156,26,28,11,32
2GFOJEGO 110,8,141,6,120,118,156,107,97
OJ8EN 61,69,156,16,63,125,135,15,67,65
4QEYQ 8,155,2,0,54,154,96
PF30EEGO 11,150,59,154,14,52,51,107
Q6MG4 115,116,97,117,96,59,154
IAOHHEGO 58,53,15,43,96,54,97
3RDEOEGO 87,60,15,82,152,124
J2RBB 78,133,134,9,47,154,135,76,127,146,50,126
IGBSN 129,9,109,110,106,107,128
H0HWDEGO 109,9,154,106,107,110,128,123
6RUAR 14,151,11,107,9,59,67,118,156,63,110,62,109,120,48,108
ZM112EGO 131,149,33,123,106
57TSMEGO 65,62,119,125,97,120,154,156,118,81
VH5Z0 123,48,80,151,75,73,154,71,78,49,70,14,47
8DGB2 156,62,37,0,109,35,34,33,61,1,2,97,107,110,63
054BU 92,135,156,44,63,23,61,40,59
OZ3T6EGO 0,33,8,59,151,1,34,97,71,70
HM734EGO 59,20,21,23,64,126,61,24
BTSWFEGO 5,8,97,6,141,70,71,1,0
VQNQU 153,18,109,106,63,154,59,11,16,110,15,107
B2BQS 21,22,151,141,8,97,134,9,23,6,11,59,152
J1LE6 97,33,59,70,76,32,72,26,25,150
R2989 110,70,72,106,107,52,51,125
J9IBYEGO 97,74,55,8,146,134,154,141,75,77,78
EWJHW 146,135,110,107,134,106,133
5CK6PEGO 9,72,155,3,75,71,70,0,11,74,2,73,4,1,126,154
AWDOE 151,84,97,110,88,83,154,107,118,86,28,59,9,81,106
EWJHWEGO 146,135,110,107,134,106,133
1NOSJ 90,26,32,92,25,141
YF0KQEGO 33,97,4,1,2,35,127,0
3HQBHEGO 63,156,61,152,113,41,44
R9086 37,156,154,32,135,71,34,81,36,115,61
VM3YF 26,116,59,28,151,81,82,9,32
AKJ1GEGO 151,77,76,105,79,80,78,126,124
3A0VPEGO 153,123,68,65,156,69,59,63,67,61,72
4EE1LEGO 152,67,110,59,106,65,109,61,118,107,149,11,156
AC8EXEGO 0,152,148,2,112,113,154,8,141,1
6I8K5 35,112,152,6,33,113,73,70
2R3BHEGO 6,8,149,118,20,97,61,152
QOSD9 61,11,9,62,16,59,15
4CPBNEGO 150,118,110,107
XQ05O 136,137,143,8,125,124,138,151
0KDNH 88,156,97,118,93,61,15,94,96,84,120
EP6QU 97,6,123,153,8,132,30,135,142,115,32,151,117,27,143,26,149
JZYGGEGO 97,21,150,20,96,23
6G7PQEGO 153,72,107
O8QG8 113,23,112,8,106,6,20
QIDB9EGO 34,109,70,9,72,74,71,76,107,79,78,123,33,106
HH993 35,16,33,85,152,73,87,15,70
4MNCE 51,61,59,156,118
4UC5K 67,61
HN944EGO 61,107,92,106,20
P7BYY 1,125,98,0,151,101,3,152,2,155,126
JEFWZEGO 61,97,143,20
S0DYYEGO 9,107,109,106
9UL5AEGO 26,28,113,126,20,21,112
RRPKS 115,38,33,30,26,117,27,125,151
13O7O 42,43,102,153,45,40,9,127
DWY4U 15,16,152,87,154
DZRK7 73,70,106,35,38,107,33,109
861M3 61,118,119,153,120,9
4FDW3EGO 33,115,144,36,26,151,123,145,34,150
Q0GV4 97,8,136
5XQH1EGO 97,106,148,0,33,2
ASQXV 38,95,111,107,33
5YOA1EGO 101,43,61,99,63,98,40
1ILXCEGO 135,153,69,68,152,67,65,20,151,149,156,61
2PFVT 122,145,155,32,9,123,14,1
SMUE0EGO 110,113,77,141,106,6,112,76,8,107,154,9,109,78,120,97,81
TQJSQ 62,66,97,61,154,41,44,71,39
818WF 154,98,102,127
NO9BFEGO 14,154,16,9,15,59,11,17
YVQET 100,149,98,127,154,43,40,152
WCZ9Q 61,65,127,102,156,98
2GFOJ 106,107,110,8,141,6,120,118,156,97
KLS5IEGO 126,34,150,70,33,74,71,36
GNNPG 67,10,141,151,6,65,156,61
29FAP 127,154,11,151,25,28,17,12,9,26
AQEDU 150,59,40,52,11,51,152,50,48,149
Z75PZEGO 71,98,100,102,99,127,73,34,109,70
X9NPBEGO 59,106,107,15,16,109,18
0YOK7 8,97,59,151,55
FO0ZI 152,97,115,149,29,26,6,8,67,61,156,65
OYCXSEGO 79,76,150,154,112,70,59,113
ESR0J 33,149,34,67,153,152,61,65,156
O0S80 22,5,139,21,20,15,87,33
I0TCW 109,51,11,106,9,151,154,59,107
OO495 110,107,51,109,106,52,135
KYK4KEGO 118,119,9,109,106,107,156,120,154
03CVGEGO 6,3,1,0,112,4,90,92
BF9XO 60,97
G1AJPEGO 85,149,152,84,156,118,83,120,106,110
OFH14 35,56,44,58,34,81,41,70,33,57,154,40
V784CEGO 156,61,128,151,113,154,112,129
X0LZWEGO 127,51,152,137,138,125
KBV0OEGO 63,97,125,151,156,118,61
E5I5V 151,49,135,154,50,51,125,48,47,9,46
29BU7EGO 26,123,79,154,80,127,32,77,29,122
9A1YR 125,154,140,151,97,107,7,110
W6D3L 150,97,156,147
CXJRB 41,97,59,40,149,42,11,154,9
PAGUP 57,56,6,97,141,20,8,152
QVDXQEGO 43,40,6,141,42,154,8
HJDOKEGO 8,97,118,61,113,65,67,141,68
3RX2IEGO 149,76,152,21,24,20,126,78,23,79,123
ZUBDKEGO 156,8,44,40,112,154,41,43,113,61,63
OZ3T6 0,97,8,59,151,1,34,71,33,70
T9MGMEGO 107,150,97,132,106,110
RI2EBEGO 76,154,80,2,126,127,77,79,125,4,74,0,1
MI6H6EGO 67,61,151,123,116,66,107,135,117,65,63,30,106,154,150
NTV2R 123,156,61,122,65,67,63,59
6B5P3 146,154,78,70,73,8,113,150,72,134
S9M5T 21,119,118,61,63,62,120,154,20,9
3637WEGO 109,107,106,110,146,9,136,135,134,133,154
UHG9VEGO 115,26,11,25,9,110,78,76,145,109,32,59,106,27
QJ1GIEGO 68,97,151,8,135,63,156,65,62,9,69,61,154,153,118,123,141,67
9H47N 97,59,151,18,104,16,15,154
7598EEGO 97,76,78,151,43,125,41,42,77,40,44,79
OFH14EGO 35,56,44,58,34,81,41,70,33,57,154,40
UB9Y7 57,59,58,53,56,11,151
IGYIG 97,106,109,17,15,110,9,93,16
LVE05 0,1,3,2,97,33,34,37,155,36
UNQ6SEGO 153,107,106,152,11,149
85LW5 27,32,135,134,145,31,26,151,81
4PTE9 156,11,106,120,67,119,61,59,118,9
RI52B 32,26,27,123,30
SSBEZEGO 106,59,132,151,107,97
OHVE3 110,70,71,107,109,113,141,72,106,125,73,112
1H0ZQEGO 35,154,21,152,20,2,59,22,50,49,72,0,151,47,48,33
C98LL 15,0,16,3,107,106,155
N6OCZEGO 88,144,84,149,152,85,81,156
D7PUXEGO 32,156,65,67,9,123,118,151,59,11,119,97,26,125
59424EGO 43,154,59,105,151,97,1,40,148,123
LWMG5EGO 109,107,106,120,118,0,119,154,11,53,59,56,110
7FK3GEGO 26,146,41,30,43,154,135,44,27,134,15,40
OPLTG 91,106,9,107,109,110,89
N9V02 152,141,94,151,8,97,154,96,59,6,11
HJBTN 113,6,112,97,8,70,71,73,72
WTUCX 70,107,0,2,138,106,81,71,1,137,75,4,154,109,126,127,110,3
1A1NIEGO 15,28,115,87,29,18,152,97,25,154,116,16,86,9,17,30,84,27,32,88,26
E99KSEGO 120,36,118,35,33,106,110,119,154,34,151,139,107
8ZOTQEGO 113,112,81,20
O1652 152,27,29,149,115,15,17,26,32,30
GNY9K 33,0,156,40,2,120,118,39,69,67,63,62,43,61
DKZPW 86,80,130,154,149,16,23,17,76,22,20,21,78,151,115,15,125,126
Z11YMEGO 152,9,148,1,97,28,30,92,154,26,155
RIC9E 26,122,32,132,29,59,25,27,145
94HYHEGO 26,32,31,25,30,27,153,97
HKX9O 107,106,67,15,65,134,156,69,61
7RW94EGO 86,127,107,110,109,106,83,84,87,44
QDMAZ 33,125,106,109,154,16,0,15
MDJDB 62,63,66,65,0,125,152,151,154,67,61,156
9B3SDEGO 118,16,153,15,107
9DOAG 60,104,59,103,151
1A6R5 52,106,135,107,154
2X63D 156,67,65,107,125,61,63,9,109,62,106
CXFEX 26,141,8,70,153,97
4DVAM 124,71,27,151,126,26,70,32
82LX4 151,132,61,72,156,123,70
MC4FG 135,113,154,112
LU5KAEGO 97,61,151,66,67,64,154,23,24,108,63,110,59,109,11,118
UYBV9 67,68,63,65,156,9,61,62,107,106,69
X4NOE 109,15,93,94,87,16,151,96,18,152,95
5VHNEEGO 75,125,20,71,23,126,81,152,22,114
M1L30EGO 20,97,6,141
9YRC9 106,59,108,132,107,9,118,61
GSG2F 22,155,2,9,20,154
VTR77EGO 96,152,126,59,34
SU6IVEGO 152,32,29,149,27,94,123,59,26,96
8C8SMEGO 1,106,0,71,34,110,107,108,135,3,154
M7RCGEGO 92,106,110,107,68,67,109,61,69,65,156
P71NOEGO 6,155,8,57,20,24,97,22,23
KM524EGO 42,59,40,105,39,154,149,151,41
SSM9ZEGO 23,143,20,63,8,61
AF5LTEGO 70,36,74,141,97,33,149,9
TUFP5 33,35,107
0IIX6EGO 151,150,120,154,59,63,17,61,118
WVVUPEGO 15,73,70,125,72,151
PDGS0EGO 59,153,107,108,154,152,110,151,11,17,109,9
NXG25EGO 65,156,68,97,135,61,151,62,150,116,115,28,67
XL1LQ 61,68,81,118,62,119,67,145
WKM32 149,153,152,109,63,118,151,62,110,61,44
U1UAJ 106,135,132,107,151,118,130,156,154,123
XLMHNEGO 93,152,16,96
OUBQ2 52,9,146,11,14,59,47,15
KWC74EGO 61,156,132,41,123,44,40,70,72
31T9AEGO 127,71,99,98,102,141,100,70,97,8,73
16NCG 62,67,66,61,120,103,119,23,63
D7EVX 59,82,97,154,16,81,9,12,15,151
EZK5JEGO 27,146,134,26,133,135,11,107,109
85S93EGO 84,29,156,125,152,149,61,65,59
PZVZQ 115,106,107,110,28,82,128,117,129
66U9OEGO 21,106,61,59,156,20,62,63,110,43,132
9OT4CEGO 135,115,144,63,145,156,32,123,61
TA7FZEGO 76,151,59,156,78,63,79,123,61,9,34,52,125,14,62
T8ZJXEGO 47,23,154,50,123,16,20,15,22,49,21
7YZT0EGO 154,97,135,151,4,32,72,134,26
XZU3W 106,149,88,110,107
93WNN 149,94,96,93,97,152,15
8DSQ2EGO 151,120,156,63,23,154,81,61,16,17,15
1AT8F 156,154,61,91,67,63,11,33,62,38
KH6U0 15,63,156,152,17,9,16
5E0K6EGO 79,154,77,80,78,124,125,76,106,59,126,109,107,81
6FY0IEGO 118,120,154,97,11,61,59,63
SSM9Z 23,143,20,63,8,61
88GG4 107,137,149,9,152,153,118,127,109
CQ0IREGO 59,93,88,96,94,149,26
BUILFEGO 81,107,113,106,109,112,110,108,9
63NKEEGO 8,151,6,110,107,97,135,106,123,59,152
48R5M 152,113,141,137,138,6,8,112
CF0K3EGO 135,62,151,21,59,61,156,132
JZDRWEGO 6,70,112,33,113,81,35,8,82,75
O96U1EGO 110,23,106,20,9,22,107
WEI58EGO 123,154,151,145,115,122,104,97
AQQJV 155,154,57,56,1,2,6,126,8,97,0,141,55
7FR1V 71,73,153,70,0,4,81,37,34,1,33,8,6,75,113
3TT5H 91,153,135,37,38,26,32,11,33
N48NM 26,30,27,32,125,151,11,9,89
2UAB5EGO 92,107,119,9,109,118
54ACV 135,61,156,118,65,67,151
TJIMI 21,1,155,4,114,125,154,29,96
5G1TW 30,2,155,3,26,139,96,38,0,1
IVMPF 96,9,109,107,154,123,59,106,93,132,139,16,151
2MK76EGO 21,23,9,20,152,22,107,106
BS846 113,63,23,8,9,141,130
X0WK0 120,9,13,12
BNCZFEGO 33,38
I7BSOEGO 86,88,84,83,97
O9PE4EGO 98,101,38,127,35,8,102,97
GYCTQEGO 152,12,83,88,154,86,84
LD1W3 117,156,125,61,26,62,32,154,27
0RK9P 41,142,8,147,143,43
UNB3NEGO 127,132,102,98,101,99
YCQM7EGO 61,149,70,125,156,65,69,73,67,151,120,154,62,118,59,71
NK1TB 63,143,62,20,130,142,61,154,21
UMY7CEGO 149,152,113,97,8,141,2,4
LGN5H 78,154,76,2,0,135,1,134,148,80
6GETYEGO 79,97,76,20,22,21,40,80,44
KTHI4EGO 146,59,80,77,79,154,76,11,51
0N16WEGO 63,69,47,52,49,154,59,67,156,61,46
CBFVTEGO 5,1,27,30,2,3,32,154,127,26,4
TQINTEGO 16,152,15,59,149
0HJFXEGO 99,98,152,100,114,128,119,118
6QZMZ 17,152,9,55,59,97,15
AOF10 63,76,80,0,3,61
DMSFJ 106,136,107,137,126,109
GERMD 15,59,14,19,97,17
HL91I 15,126,16,59,80,9,154,45,132
NV04V 29,107,18,109,15,16
6EJIE 106,107,113,109,18,17,144,156,38,15
OY7H0EGO 61,9,132,21,156,20,23,81
POIS1 34,95,152,6,36
JD6P7EGO 37,59,152,151,40,154,66,15,16,34,139,35
YNJH8EGO 154,109,156,9,107,147,61
8VILH 35,149,33,126,8,34,154,37,97,36
39JUO 149,61,99,40,130,152,81,127,63,113,98,42,43
L7KMA 123,151,106,97,132,131,36,107,141,110,6
CGI9KEGO 67,15,65,61,156,68
KFGJBEGO 107,154,16,152,11,59,15,106,149
HL3ON 97,127,119,0,120,87,110,63,2,138,4,62,35,61,106,118,137
0FEXM 89,84,83,82,152,92,88
SJ4RP 48,65,51,67,49,97,47,11,59,156,61
RFDX8 72,59,151,70,40,73,75,154,71
PRLU5 63,67,59,23,86,156,61,21,132,9,151
P4IVY 118,62,156,61,107,63,106,9
BLSWFEGO 151,61,66,62,97,68,63,11,9
C048GEGO 20,127,23,6,154
X03D3EGO 153,57,8,56,23,22,54,155,154,151,53,20,113,112,21
H9CON 156,118,88,11,106,107,84,61,59,86
JVENTEGO 125,155,151,132,156,61,135,3,126
CAGH9 113,8,81,97,64,61,112,6,65,62,156
6QZMZEGO 17,152,9,55,59,97,15
1062A 110,8,106,109,141,140,6,107
RXA9Z 36,9,33,91,38
MOJKYEGO 67,8,6,112,113,40
J2DLT 143,142,152,120,63,118,8,69,61,6
XJYKXEGO 110,107,59,151,106,51,120,152
S3RNQEGO 20,153,97
UH8G0EGO 20,152,75,127,73,2,22,70,97
QO363 97,145,29
HTWE5 97,149,19,151,16,15,152
57XU5 151,33,59,129,154,11,125,128,40,32,127,34
XQ4YQEGO 76,116,145,79,25,32,115,27,77,28,150,154,135
ULWGWEGO 123,61,156,97,135,154,65,150,67
AW7U4EGO 152,6,8,97,112,113,1,154,63,149,90
CANHS 5,109,34,0,107,6,110,81,33,8,1,82,3,114
XZ4IYEGO 106,76,152,8,107,6,15
FLVDYEGO 11,154,9,71,59,139,73,72,149,70,151,152
KLI31 149,0,141,152,113,6,97,8,155,1
O4A9I 111,152
JBRP2EGO 107,119,118,110
AXF82 105,107,106,110,8,109,141,0,111,97
2JE57EGO 127,98,134,38,100,33,146,154,102,133,37
9H55D 1,0,155,115,30,6,133,27,112,113,151,8,81,146,26,154,134,135,32
2VAQY 11,132,59,151,135,96,154
2MK76 23,20,152,22,107,106,9,21
DUP5TEGO 143,142,97,152,149,20
FK1PAEGO 154,150,132,135,92,16,123,151
YVGZQEGO 97,152,123,57,59,149,16,151,15
VLS7SEGO 127,41,119,118,150,106,152,107,109,149
1X8OYEGO 37,35,33,127,154,34,109,107,81,118,106,38
CPCHE 36,37,16,33,15,35,9,127,153,34,71,97
08WXX 11,110,59,10,107,106,154
MZSX6EGO 92,94,100,98,8,110,107,118,97,152
BUITJ 26,21,107,97,28,106,30,81,31,109,32,27,25
B78XT 106,98,102,107,92,91,100
HSLZ2 155,154,22,126,153,20,130,150
V16S0EGO 148,86,84,83,152,97,1,9
U6677EGO 61,62,153,156,137,138
AXM99 38,61,156,65,13,12
SJ4RPEGO 48,65,51,156,61,67,49,97,47,11,59
W6856 5,26,97,107,8,6,1,0,2
XZ4IY 152,106,76,8,107,6,15
OVX5TEGO 115,59,123,26,32,31,126,151,145
3Q2EC 27,30,5,0,26,1,32
4OZKJEGO 126,26,32,12,21,31
E11MU 149,12,118,21,119,120,64
TDDWE 98,100,11,102,18,127,154,15,59
MKC41EGO 59,61,116,63,151,62,11,156,154,65
608CT 31,26,106,28,32
IYPRO 106,107,61,63
PZTHIEGO 124,36,34,114,35,33,97,44,2,0,41,153,154
1IA7OEGO 106,107,151,110,109,61,118
GZM5XEGO 156,98,102,68,65,61,126,21,62,127,64,63,59,132,154,100,67,152
15ERX 9,127,0,56,107,106,2
HY7KQEGO 29,75,152,70,84
LD1W3EGO 117,125,61,26,62,32,154,27
XDI1B 119,47,62,61,154,118,49,127,50,40,38,35,33
I7UPE 126,45,58,113,141,125,151,2,54,31,41,154,112,42,56,40
ZTBMP 142,70,33,143
T9HE0EGO 156,118,67,141,61,9,8,62,120,69,29,65,97,68,119,6
HL3ONEGO 137,119,120,110,63,2,138,35,61,127
KCY59 59,156,11,151,154,87,65,10,61,153,15
5LLW9 145,115,32,109,107,9,110,106,26,120,152,118,149,29,59
L7Y0VEGO 154,151,153,117,116,145,115,125
QLRBXEGO 151,127,102,107,110,106,100,97,109,125,98,120
MT5B8 79,125,97,154,155,126,21,78,80,76
YVGZQ 97,152,123,57,59,16,149,15,151
44TEYEGO 15,17,35,154,81,59,16,151,132,82
4ZYWIEGO 74,70,75,2,4,9,71,0,73,1,155,126
08WXXEGO 106,59,10,107,110,154,11
OSID5 152,141,97,8
72JSMEGO 92,106,107,97,151,141,6,8
M9Q0H 154,14,63,11,150,61,59,156
6GETY 40,79,97,76,20,22,21,80,44
CGRF6 126,109,80,106,59,79,9,77
BGTMZ 63,12,13,156,0,65
7DEUXEGO 152,125,24,20,149,94
QNYFO 87,77,79,154,70,15,73,71,74,76,150,17,75,16
YD13I 154,125,59,12,106,120,119,14,11,155,118,126,81,2,0,113,3
P1UP6EGO 154,100,61,149,156,59,62,152,98,11
CBJVBEGO 142,143,63,62,118,120,121,66
2QSO2 36,15,33
IP0CVEGO 5,39,97,42,40,41,9,44
54ACVEGO 135,61,156,65,67,151,118
B2RYS 151,27,36,59,11,24,23,30,20,26,32
WKRKY 99,132,115,117,154,116,86,102,71,1,126,98,151,2,134,4,88,84,83
OPMY3 155,96,141,3,9,6,153,2,97,144,0,8,1
AEM7K 113,61,2,152,63,156,67,65,21
2WL3S 8,105,96,6,106,154,148,97,107,109,1,110
08GOZ 27,30,26,59,32,151
V6RK6EGO 0,76,80,34,33,77
N6GSS 67,61,118,66,63,141,6,97,62,120
N41KS 153,61,128,21,59,11
8N416EGO 73,70,74,71,124,146,154
V6F1O 154,136,137,151
IFWPQ 109,154,106,59,119,107,118
3FDT4 22,21,113,20,81,8,24,141
LAOPZEGO 55,154,122,109,119,106,110,150,97,120,123,59,118
R9N7B 61,114
IN9J9 126,98,0,100,101,70,134,135,99
J76DE 149,26,32,30,96,29,88,154
BOQLQ 81,118,11,59,49,106,107,120,154,61,96,82,151,28
6SW8EEGO 59,153,97,94,96,144,151,11,154,152
33TYSEGO 8,97,141,140,105
W6856EGO 5,26,97,107,8,6,1,0,2
TQINT 16,152,15,59,149
5EM6YEGO 141,26,115,6,112,154,117,30
AR7Q5 106,63,156
BNCZF 33,38
LAL5BEGO 134,106,154,9,151,118,152,119,123
7ER1TEGO 9,152,115
CGI9K 67,15,65,61,156,68
9KHRV 12,13,8
TGPDE 134,72,151,154,71,133,75,107,135,146,110,106
ZCFPXEGO 112,136,2,82,0,137,154,113,138,148,1,127
U6677 61,62,153,141,156,137,97,138
F9L7T 67,9,142,71,152,63,42,69,143,61
MKC41 59,61,116,63,151,62,11,156,154,65
LGU8SEGO 102,16,150,141,113,8,112,6,51,127,99,87,15,98
ISGXF 40,45,126,43
CC0LB 82,110,106,107
YUJRVEGO 118,154,139,156,15,63,147,32,62,61,26
1PDUVEGO 15,107,106,109,110,16
7XQ7I 155,53,44,42,96,3,125,43,154,56
KBF0OEGO 3,84,83,126,155
BZXR6EGO 4,2,1,0,81,154,71,70,33,37,34
X4LWQEGO 106,35,107,71,5,33,109,110,1,34,108
D7RRWEGO 149,123,154,15,81,151,132,131
8UCWVEGO 154,132,59,131,151
6JHMX 123,128,62,9,106,67,110,109,154,151,68,61,107,65,11,156,129,63
5JGXN 109,154,132,110,6,9,107,135
N6LT4 154,61,106,15,8,16,97,118
1LE1XEGO 43,40,111,9,121,107,130,42
DMSFJEGO 106,136,107,137,126,109
3RVH0EGO 15,19,8,6,40,112,28,113,81,45
ENF33EGO 64,45,87,16,126,104
TWFIG 97,81,20,116,153,23,115,145,117
KWCF1EGO 9,106,143,110,107,108,112,6,142,113,104,109,8
UHXKG 9,100,109,120,152,107,149,127,108,98,106,102,99,110
AMM1MEGO 149,39,152,54,15,53,18,97,16
T6A8N 32,25,27,111,28,107,26,109
HJEFEEGO 90,32,59,146,154,11,26
3TT5HEGO 91,153,135,37,38,26,32,11,33
SJX6O 87,15,82,25,16,9,150,18,26
N48NMEGO 26,30,27,32,125,151,117,11,9,89
XKE4SEGO 75,135,117,27,151,77,25,79,154,32,73,26,30,149,115
3T4QO 121,152,119,106,110,118,153,120,107
HS0WU 152,97,4,2,149,127,8,154,0,37
EKBED 97,56,135,146,150,133,55,154,134,8,151
09J7G 154,60,98
14J04 8,77,112,76,113,123,4,1,0,2,80
DCFIQEGO 97,152,96,8,94,139,105
N60CR 27,26,109,30,11,9,151,118,154,107,32,106,97
AW7U4 152,6,8,97,112,113,1,154,63,149,90
WB78IEGO 23,0,21,20,1,150,2
PZA79 57,97,155,113,112,2,3,99,127,6,138
9OUGYEGO 32,26,151,154,135,76,117,77,152,115,30,123,80,25,31,79
NDCP1EGO 153,118,14,9,120,11,119,154,106,107,59,52,151,104
LXD11 61,63,142,118,6,153,143,8,120,62,154
LVTHB 155,18,15,16,151,154,87,1,135
81CPBEGO 21,20,47,97,50,117,151
MQJ6BEGO 97,141,156,64,125,62,154,63,8,11,6,61,7
N41KSEGO 153,61,128,21,59,11
LPV48 40,41,43,42,4,53,0,2,154,44,152,1
CPPVI 59,61,65,156,26,32,115,151,67,62
QPTJUEGO 11,107,106,145,32,109,115,26,59,27,14,110
BUEF7EGO 92,123,154,74,70,89,59,72
TTI07EGO 112,97,6,2,1,113,0,114,4
L5UQJ 97,107,0,70,33,128,154
Z4AUT 156,65,81,135,61,67,112,17,69,118,15,120,113,151
UA5PFEGO 76,19,153,79,15,152,125,151,126
5QVJTEGO 154,106,59,9,109,107,97,110,11
HHHK4EGO 106,70,3,2,127,107,4,96,109,155,75,126,1,122,9,71,0,154
LEBAR 73,141,71,72,78,76,151,126,97,70,154,123,59
77BPZEGO 81,4,79,75,1,71
30WBSEGO 80,133,126,79,78,135,76,77,146,154,134,152
25NFCEGO 70,125,104,97,154,149
XXLN1EGO 116,145,115,61,51,118,123,156,59,120,63
JWG6L 106,113,107,119,91,120,118,81,153,135,141,114
M3088 9,127,100,38,149,91,102
P4IVYEGO 118,62,156,61,107,63,106,9
YNZDA 11,123,22,9,154,151,126,61,63,62,12
2P3X9 109,111,8,106,139,110,152
BL6HL 54,110,128,53,154,56,58
8ELAT 8,155,1,97,141,0
JOWSNEGO 12,123,151,59,132,9,153,154,83,136,116,137,127,88,117,84,138
C048G 20,127,23,6,154
2TCM7EGO 109,142,6,107,81,154,8,106,143
JJUBUEGO 97,5,105
CQOGI 154,125,151
UND2V 60,97,89,90,59,6,151,153
GLFCF 15,18,16,59,151,97
4OZKJ 126,26,32,12,21,31
CAGH9EGO 113,8,81,97,64,61,112,6,65,62,156
E7LF8EGO 106,103,129
N60CREGO 27,26,109,30,11,9,151,118,154,107,32,106,97
SFI48EGO 156,63,123,15,61,87,151,59,16,154
6MX8E 33,37,35,150,46,34,97,50,9,49,75,47
3W1HJEGO 59,23,83,154,9,61,62,11,88,151,156,22,21,63
BZXR6 4,2,1,0,81,154,71,70,33,37,34
WN7EQEGO 123,154,152,150,151,63,156,61,59,9
A8SZFEGO 6,102,127,98,152,141,99,97,112
SFOZNEGO 97,149,9,20,21,152,23,154
NZGCREGO 118,120,59,81,119,151,113,154,112,147,11
HW4GNEGO 55,54,133,53,151,10,154,150,146
ZGWRY 119,113,151,112,81,137,109,110
MZVH4 57,125,53,58,151,54
E3KZQ 106,156,153,65,64,97,29,150,126,107,154,61
ACO6REGO 51,9,110,127,119,63,11,156,59
929WBEGO 133,154,146,92,124,151,134,89
ACO6R 156,51,9,110,127,119,63,11,59
OZE21 122,12,146,123,9
U3AWB 62,125,109,63,156,47,51,61,52,106
8ELATEGO 8,155,1,97,141,0
C1YUIEGO 32,25,31,126,29,0,3,26,36,33,146,34,1
YRS7DEGO 27,11,51,152,59,30,14,26,29
01N08EGO 143,62,66,142,63,9,97,61,118
5QVJT 154,106,59,9,109,107,97,110,11
ATFJ6EGO 41,42,43,76,79,28,126,80,30,26,45,25,40,78,39,77
2VAQYEGO 11,132,59,151,135,96,154
M8XJGEGO 144,56,151
N6LT4EGO 154,61,106,16,97,118
IYPROEGO 106,107,61
OSID5EGO 152,141,97,8
W4BIM 97,22,20,140
57XU5EGO 151,33,59,129,154,11,125,128,40,43,32,127,34
SFI48 156,63,123,15,61,87,59,151,16,154
KFGJB 154,16,152,11,107,59,15,106,149
LTXGB 61,30,26,27,155,32,2,28,135,156,113,25,154
R6BJVEGO 4,106,151,113,59,11,141,112,8
S3RNQ 20,153,97
T6A8NEGO 32,25,27,111,28,107,26,109
CCQY9EGO 152,142,143,150,141,10,2,149
33TYS 8,97,141,140
72JSM 92,106,107,97,151,141,6,8
YJ1IQ 127,54,1,56,80,9,79,77,103
6XAC5 104,21,151,135,20,63,61,133,156,88,146,134
